"Group.1" "dead" "patients" "prob"
"2" 1 573 599 0.956594323873122
"3" 2 402 453 0.887417218543046
"4" 3 412 504 0.817460317460317
"5" 4 375 429 0.874125874125874
"6" 5 372 388 0.958762886597938
"7" 6 382 398 0.959798994974874
"8" 7 388 503 0.771371769383698
"9" 8 352 372 0.946236559139785
"10" 9 388 444 0.873873873873874
"11" 10 359 459 0.782135076252723
"12" 11 310 394 0.786802030456853
"13" 12 315 391 0.805626598465473
"14" 13 287 387 0.741602067183463
"15" 14 295 353 0.835694050991501
"16" 15 280 291 0.962199312714777
"17" 16 322 361 0.89196675900277
"18" 17 270 354 0.76271186440678
"19" 18 247 339 0.728613569321534
"20" 19 266 343 0.775510204081633
"21" 20 252 332 0.759036144578313
"22" 21 259 319 0.811912225705329
"23" 22 243 252 0.964285714285714
"24" 23 256 290 0.882758620689655
"25" 24 247 330 0.748484848484849
"26" 25 218 295 0.738983050847458
"27" 26 215 296 0.726351351351351
"28" 27 222 310 0.716129032258065
"29" 28 219 284 0.77112676056338
"30" 29 209 222 0.941441441441441
"31" 30 210 242 0.867768595041322
"32" 31 230 323 0.712074303405573
"33" 32 197 279 0.706093189964158
"34" 33 206 303 0.67986798679868
"35" 34 206 281 0.733096085409253
"36" 35 184 266 0.691729323308271
"37" 36 206 222 0.927927927927928
"38" 37 197 232 0.849137931034483
"39" 38 186 263 0.707224334600761
"40" 39 185 260 0.711538461538462
"41" 40 182 261 0.697318007662835
"42" 41 162 237 0.683544303797468
"43" 42 216 288 0.75
"44" 43 208 221 0.941176470588235
"45" 44 167 219 0.762557077625571
"46" 45 172 257 0.669260700389105
"47" 46 152 228 0.666666666666667
"48" 47 173 255 0.67843137254902
"49" 48 156 232 0.672413793103448
"50" 49 181 244 0.741803278688525
"51" 50 167 179 0.932960893854749
"52" 51 150 192 0.78125
"53" 52 155 246 0.630081300813008
"54" 53 140 219 0.639269406392694
"55" 54 173 265 0.652830188679245
"56" 55 144 213 0.676056338028169
"57" 56 157 230 0.682608695652174
"58" 57 130 141 0.921985815602837
"59" 58 135 152 0.888157894736842
"60" 59 168 247 0.680161943319838
"61" 60 153 178 0.859550561797753
"62" 61 153 259 0.590733590733591
"63" 62 156 221 0.705882352941177
"64" 63 159 211 0.753554502369668
"65" 64 158 169 0.93491124260355
"66" 65 135 171 0.789473684210526
"67" 66 148 241 0.614107883817427
"68" 67 135 189 0.714285714285714
"69" 68 132 190 0.694736842105263
"70" 69 138 208 0.663461538461538
"71" 70 133 197 0.6751269035533
"72" 71 139 147 0.945578231292517
"73" 72 130 171 0.760233918128655
"74" 73 102 197 0.517766497461929
"75" 74 115 163 0.705521472392638
"76" 75 122 181 0.674033149171271
"77" 76 129 203 0.635467980295567
"78" 77 130 193 0.673575129533679
"79" 78 133 149 0.89261744966443
"80" 79 114 148 0.77027027027027
"81" 80 135 220 0.613636363636364
"82" 81 98 162 0.604938271604938
"83" 82 123 184 0.668478260869565
"84" 83 142 207 0.685990338164251
"85" 84 116 161 0.720496894409938
"86" 85 119 134 0.888059701492537
"87" 86 113 142 0.795774647887324
"88" 87 115 197 0.583756345177665
"89" 88 119 197 0.604060913705584
"90" 89 128 191 0.670157068062827
"91" 90 111 178 0.623595505617977
"92" 91 121 169 0.715976331360947
"93" 92 131 144 0.909722222222222
"94" 93 123 153 0.803921568627451
"95" 94 107 180 0.594444444444444
"96" 95 103 153 0.673202614379085
"97" 96 110 156 0.705128205128205
"98" 97 112 176 0.636363636363636
"99" 98 104 151 0.688741721854305
"100" 99 100 116 0.862068965517241
"101" 100 112 141 0.794326241134752
"102" 101 87 154 0.564935064935065
"103" 102 114 165 0.690909090909091
"104" 103 103 161 0.639751552795031
"105" 104 103 165 0.624242424242424
"106" 105 92 161 0.571428571428571
"107" 106 104 123 0.845528455284553
"108" 107 94 123 0.764227642276423
"109" 108 88 155 0.567741935483871
"110" 109 99 148 0.668918918918919
"111" 110 93 149 0.624161073825503
"112" 111 103 160 0.64375
"113" 112 96 152 0.631578947368421
"114" 113 91 105 0.866666666666667
"115" 114 89 114 0.780701754385965
"116" 115 77 123 0.626016260162602
"117" 116 94 141 0.666666666666667
"118" 117 95 142 0.669014084507042
"119" 118 94 132 0.712121212121212
"120" 119 103 135 0.762962962962963
"121" 120 87 93 0.935483870967742
"122" 121 104 133 0.781954887218045
"123" 122 86 125 0.688
"124" 123 75 128 0.5859375
"125" 124 84 131 0.641221374045801
"126" 125 74 117 0.632478632478632
"127" 126 94 136 0.691176470588235
"128" 127 87 102 0.852941176470588
"129" 128 85 110 0.772727272727273
"130" 129 90 135 0.666666666666667
"131" 130 81 121 0.669421487603306
"132" 131 83 127 0.653543307086614
"133" 132 89 134 0.664179104477612
"134" 133 96 142 0.676056338028169
"135" 134 110 119 0.92436974789916
"136" 135 92 120 0.766666666666667
"137" 136 84 129 0.651162790697674
"138" 137 96 140 0.685714285714286
"139" 138 77 99 0.777777777777778
"140" 139 80 140 0.571428571428571
"141" 140 96 143 0.671328671328671
"142" 141 92 101 0.910891089108911
"143" 142 83 110 0.754545454545455
"144" 143 72 121 0.59504132231405
"145" 144 77 109 0.706422018348624
"146" 145 90 146 0.616438356164384
"147" 146 92 130 0.707692307692308
"148" 147 86 122 0.704918032786885
"149" 148 80 91 0.879120879120879
"150" 149 73 102 0.715686274509804
"151" 150 78 132 0.590909090909091
"152" 151 75 117 0.641025641025641
"153" 152 64 108 0.592592592592593
"154" 153 78 125 0.624
"155" 154 68 109 0.623853211009174
"156" 155 77 87 0.885057471264368
"157" 156 68 91 0.747252747252747
"158" 157 88 145 0.606896551724138
"159" 158 98 140 0.7
"160" 159 78 133 0.586466165413534
"161" 160 77 123 0.626016260162602
"162" 161 76 115 0.660869565217391
"163" 162 59 67 0.880597014925373
"164" 163 52 79 0.658227848101266
"165" 164 65 119 0.546218487394958
"166" 165 63 107 0.588785046728972
"167" 166 64 105 0.60952380952381
"168" 167 64 116 0.551724137931034
"169" 168 73 105 0.695238095238095
"170" 169 74 82 0.902439024390244
"171" 170 82 110 0.745454545454545
"172" 171 77 147 0.523809523809524
"173" 172 82 128 0.640625
"174" 173 75 136 0.551470588235294
"175" 174 87 144 0.604166666666667
"176" 175 78 136 0.573529411764706
"177" 176 72 86 0.837209302325581
"178" 177 62 97 0.639175257731959
"179" 178 85 131 0.648854961832061
"180" 179 77 124 0.620967741935484
"181" 180 75 124 0.604838709677419
"182" 181 77 125 0.616
"183" 182 72 122 0.590163934426229
"184" 183 72 82 0.878048780487805
"185" 184 75 100 0.75
"186" 185 83 154 0.538961038961039
"187" 186 64 120 0.533333333333333
"188" 187 72 137 0.525547445255474
"189" 188 60 130 0.461538461538462
"190" 189 67 113 0.592920353982301
"191" 190 68 80 0.85
"192" 191 83 113 0.734513274336283
"193" 192 78 147 0.530612244897959
"194" 193 68 136 0.5
"195" 194 58 113 0.513274336283186
"196" 195 54 129 0.418604651162791
"197" 196 62 112 0.553571428571429
"198" 197 66 80 0.825
"199" 198 73 121 0.603305785123967
"200" 199 70 151 0.463576158940397
"201" 200 77 159 0.484276729559748
"202" 201 75 132 0.568181818181818
"203" 202 72 130 0.553846153846154
"204" 203 61 118 0.516949152542373
"205" 204 59 73 0.808219178082192
"206" 205 67 91 0.736263736263736
"207" 206 65 133 0.488721804511278
"208" 207 56 130 0.430769230769231
"209" 208 70 146 0.479452054794521
"210" 209 63 126 0.5
"211" 210 74 140 0.528571428571429
"212" 211 70 86 0.813953488372093
"213" 212 73 110 0.663636363636364
"214" 213 59 145 0.406896551724138
"215" 214 63 123 0.51219512195122
"216" 215 67 130 0.515384615384615
"217" 216 62 129 0.48062015503876
"218" 217 58 108 0.537037037037037
"219" 218 60 78 0.769230769230769
"220" 219 55 89 0.617977528089888
"221" 220 61 144 0.423611111111111
"222" 221 51 126 0.404761904761905
"223" 222 50 124 0.403225806451613
"224" 223 67 151 0.443708609271523
"225" 224 63 120 0.525
"226" 225 67 86 0.779069767441861
"227" 226 57 108 0.527777777777778
"228" 227 61 143 0.426573426573427
"229" 228 54 122 0.442622950819672
"230" 229 57 124 0.459677419354839
"231" 230 54 120 0.45
"232" 231 55 123 0.447154471544715
"233" 232 60 77 0.779220779220779
"234" 233 55 87 0.632183908045977
"235" 234 53 136 0.389705882352941
"236" 235 56 123 0.455284552845528
"237" 236 48 136 0.352941176470588
"238" 237 66 129 0.511627906976744
"239" 238 54 115 0.469565217391304
"240" 239 59 70 0.842857142857143
"241" 240 63 102 0.617647058823529
"242" 241 64 151 0.423841059602649
"243" 242 48 116 0.413793103448276
"244" 243 64 118 0.542372881355932
"245" 244 53 74 0.716216216216216
"246" 245 64 117 0.547008547008547
"247" 246 52 68 0.764705882352941
"248" 247 65 102 0.637254901960784
"249" 248 55 140 0.392857142857143
"250" 249 71 142 0.5
"251" 250 44 66 0.666666666666667
"252" 251 53 145 0.36551724137931
"253" 252 66 126 0.523809523809524
"254" 253 71 82 0.865853658536585
"255" 254 56 98 0.571428571428571
"256" 255 71 165 0.43030303030303
"257" 256 53 106 0.5
"258" 257 57 114 0.5
"259" 258 56 133 0.421052631578947
"260" 259 58 119 0.487394957983193
"261" 260 60 75 0.8
"262" 261 58 94 0.617021276595745
"263" 262 53 132 0.401515151515151
"264" 263 54 141 0.382978723404255
"265" 264 53 125 0.424
"266" 265 54 105 0.514285714285714
"267" 266 58 70 0.828571428571429
"268" 267 59 64 0.921875
"269" 268 62 115 0.539130434782609
"270" 269 73 184 0.396739130434783
"271" 270 59 148 0.398648648648649
"272" 271 52 128 0.40625
"273" 272 49 130 0.376923076923077
"274" 273 68 122 0.557377049180328
"275" 274 61 78 0.782051282051282
"276" 275 60 96 0.625
"277" 276 53 138 0.384057971014493
"278" 277 60 137 0.437956204379562
"279" 278 62 126 0.492063492063492
"280" 279 47 118 0.398305084745763
"281" 280 58 127 0.456692913385827
"282" 281 56 63 0.888888888888889
"283" 282 64 108 0.592592592592593
"284" 283 56 132 0.424242424242424
"285" 284 55 116 0.474137931034483
"286" 285 45 121 0.371900826446281
"287" 286 57 151 0.377483443708609
"288" 287 56 111 0.504504504504504
"289" 288 55 69 0.797101449275362
"290" 289 65 95 0.684210526315789
"291" 290 62 170 0.364705882352941
"292" 291 55 123 0.447154471544715
"293" 292 37 113 0.327433628318584
"294" 293 54 136 0.397058823529412
"295" 294 42 119 0.352941176470588
"296" 295 56 76 0.736842105263158
"297" 296 58 94 0.617021276595745
"298" 297 48 129 0.372093023255814
"299" 298 53 129 0.410852713178295
"300" 299 64 152 0.421052631578947
"301" 300 63 164 0.384146341463415
"302" 301 49 127 0.385826771653543
"303" 302 42 63 0.666666666666667
"304" 303 68 114 0.596491228070175
"305" 304 53 145 0.36551724137931
"306" 305 57 134 0.425373134328358
"307" 306 69 157 0.439490445859873
"308" 307 45 125 0.36
"309" 308 44 117 0.376068376068376
"310" 309 39 54 0.722222222222222
"311" 310 47 92 0.510869565217391
"312" 311 45 142 0.316901408450704
"313" 312 43 125 0.344
"314" 313 58 147 0.394557823129252
"315" 314 53 134 0.395522388059701
"316" 315 43 134 0.32089552238806
"317" 316 45 66 0.681818181818182
"318" 317 41 78 0.525641025641026
"319" 318 45 114 0.394736842105263
"320" 319 41 124 0.330645161290323
"321" 320 68 147 0.462585034013605
"322" 321 61 156 0.391025641025641
"323" 322 50 136 0.367647058823529
"324" 323 52 76 0.684210526315789
"325" 324 59 97 0.608247422680412
"326" 325 47 131 0.358778625954198
"327" 326 44 117 0.376068376068376
"328" 327 44 119 0.369747899159664
"329" 328 54 138 0.391304347826087
"330" 329 57 133 0.428571428571429
"331" 330 40 54 0.740740740740741
"332" 331 56 97 0.577319587628866
"333" 332 46 132 0.348484848484849
"334" 333 45 114 0.394736842105263
"335" 334 58 136 0.426470588235294
"336" 335 46 128 0.359375
"337" 336 41 111 0.369369369369369
"338" 337 45 64 0.703125
"339" 338 49 89 0.550561797752809
"340" 339 61 159 0.383647798742138
"341" 340 47 129 0.364341085271318
"342" 341 48 137 0.35036496350365
"343" 342 45 144 0.3125
"344" 343 43 126 0.341269841269841
"345" 344 37 50 0.74
"346" 345 42 85 0.494117647058824
"347" 346 35 105 0.333333333333333
"348" 347 52 144 0.361111111111111
"349" 348 61 139 0.438848920863309
"350" 349 48 148 0.324324324324324
"351" 350 55 119 0.46218487394958
"352" 351 48 66 0.727272727272727
"353" 352 44 90 0.488888888888889
"354" 353 49 134 0.365671641791045
"355" 354 49 131 0.374045801526718
"356" 355 51 140 0.364285714285714
"357" 356 45 124 0.362903225806452
"358" 357 50 108 0.462962962962963
"359" 358 45 58 0.775862068965517
"360" 359 42 86 0.488372093023256
"361" 360 45 70 0.642857142857143
"362" 361 80 170 0.470588235294118
"363" 362 52 119 0.436974789915966
"364" 363 41 99 0.414141414141414
"365" 364 48 101 0.475247524752475
"366" 365 46 57 0.807017543859649
"367" 366 43 90 0.477777777777778
"368" 367 51 136 0.375
"369" 368 50 114 0.43859649122807
"370" 369 51 97 0.525773195876289
"371" 370 51 84 0.607142857142857
"372" 371 46 63 0.73015873015873
"373" 372 35 41 0.853658536585366
"374" 373 44 101 0.435643564356436
"375" 374 44 144 0.305555555555556
"376" 375 48 132 0.363636363636364
"377" 376 46 113 0.407079646017699
"378" 377 58 129 0.449612403100775
"379" 378 49 120 0.408333333333333
"380" 379 62 71 0.873239436619718
"381" 380 40 75 0.533333333333333
"382" 381 52 132 0.393939393939394
"383" 382 42 111 0.378378378378378
"384" 383 54 135 0.4
"385" 384 40 108 0.37037037037037
"386" 385 36 97 0.371134020618557
"387" 386 47 63 0.746031746031746
"388" 387 42 82 0.51219512195122
"389" 388 49 121 0.40495867768595
"390" 389 44 72 0.611111111111111
"391" 390 43 113 0.380530973451327
"392" 391 42 119 0.352941176470588
"393" 392 42 116 0.362068965517241
"394" 393 36 49 0.73469387755102
"395" 394 44 81 0.54320987654321
"396" 395 40 95 0.421052631578947
"397" 396 43 97 0.443298969072165
"398" 397 42 113 0.371681415929204
"399" 398 44 110 0.4
"400" 399 39 103 0.378640776699029
"401" 400 54 69 0.782608695652174
"402" 401 44 72 0.611111111111111
"403" 402 34 110 0.309090909090909
"404" 403 52 112 0.464285714285714
"405" 404 38 90 0.422222222222222
"406" 405 43 109 0.394495412844037
"407" 406 35 94 0.372340425531915
"408" 407 43 61 0.704918032786885
"409" 408 50 80 0.625
"410" 409 40 112 0.357142857142857
"411" 410 35 106 0.330188679245283
"412" 411 44 103 0.427184466019417
"413" 412 51 126 0.404761904761905
"414" 413 59 124 0.475806451612903
"415" 414 43 56 0.767857142857143
"416" 415 46 76 0.605263157894737
"417" 416 42 116 0.362068965517241
"418" 417 42 115 0.365217391304348
"419" 418 34 107 0.317757009345794
"420" 419 51 113 0.451327433628319
"421" 420 30 82 0.365853658536585
"422" 421 49 63 0.777777777777778
"423" 422 44 68 0.647058823529412
"424" 423 38 123 0.308943089430894
"425" 424 48 117 0.41025641025641
"426" 425 56 107 0.523364485981308
"427" 426 46 65 0.707692307692308
"428" 427 30 87 0.344827586206897
"429" 428 40 56 0.714285714285714
"430" 429 50 84 0.595238095238095
"431" 430 34 108 0.314814814814815
"432" 431 47 114 0.412280701754386
"433" 432 39 98 0.397959183673469
"434" 433 31 71 0.436619718309859
"435" 434 42 92 0.456521739130435
"436" 435 46 57 0.807017543859649
"437" 436 40 83 0.481927710843373
"438" 437 47 108 0.435185185185185
"439" 438 42 114 0.368421052631579
"440" 439 38 105 0.361904761904762
"441" 440 34 88 0.386363636363636
"442" 441 41 94 0.436170212765957
"443" 442 36 48 0.75
"444" 443 42 64 0.65625
"445" 444 51 121 0.421487603305785
"446" 445 35 79 0.443037974683544
"447" 446 42 101 0.415841584158416
"448" 447 42 99 0.424242424242424
"449" 448 33 70 0.471428571428571
"450" 449 44 52 0.846153846153846
"451" 450 34 57 0.596491228070175
"452" 451 48 112 0.428571428571429
"453" 452 36 94 0.382978723404255
"454" 453 37 86 0.430232558139535
"455" 454 39 88 0.443181818181818
"456" 455 37 73 0.506849315068493
"457" 456 34 42 0.80952380952381
"458" 457 35 57 0.614035087719298
"459" 458 35 87 0.402298850574713
"460" 459 32 84 0.380952380952381
"461" 460 37 96 0.385416666666667
"462" 461 46 101 0.455445544554455
"463" 462 34 83 0.409638554216867
"464" 463 40 54 0.740740740740741
"465" 464 41 71 0.577464788732394
"466" 465 38 98 0.387755102040816
"467" 466 37 78 0.474358974358974
"468" 467 35 88 0.397727272727273
"469" 468 42 88 0.477272727272727
"470" 469 40 68 0.588235294117647
"471" 470 49 54 0.907407407407407
"472" 471 36 55 0.654545454545455
"473" 472 34 92 0.369565217391304
"474" 473 31 76 0.407894736842105
"475" 474 33 74 0.445945945945946
"476" 475 35 91 0.384615384615385
"477" 476 35 82 0.426829268292683
"478" 477 44 52 0.846153846153846
"479" 478 51 75 0.68
"480" 479 42 94 0.446808510638298
"481" 480 45 94 0.478723404255319
"482" 481 47 92 0.510869565217391
"483" 482 35 85 0.411764705882353
"484" 483 42 75 0.56
"485" 484 43 49 0.877551020408163
"486" 485 38 68 0.558823529411765
"487" 486 42 86 0.488372093023256
"488" 487 38 79 0.481012658227848
"489" 488 37 76 0.486842105263158
"490" 489 39 74 0.527027027027027
"491" 490 41 83 0.493975903614458
"492" 491 39 52 0.75
"493" 492 43 68 0.632352941176471
"494" 493 39 102 0.382352941176471
"495" 494 48 96 0.5
"496" 495 41 74 0.554054054054054
"497" 496 29 66 0.439393939393939
"498" 497 40 86 0.465116279069767
"499" 498 33 43 0.767441860465116
"500" 499 33 60 0.55
"501" 500 25 80 0.3125
"502" 501 47 90 0.522222222222222
"503" 502 35 72 0.486111111111111
"504" 503 30 69 0.434782608695652
"505" 504 36 52 0.692307692307692
"506" 505 31 45 0.688888888888889
"507" 506 39 63 0.619047619047619
"508" 507 35 87 0.402298850574713
"509" 508 31 72 0.430555555555556
"510" 509 39 75 0.52
"511" 510 39 84 0.464285714285714
"512" 511 36 76 0.473684210526316
"513" 512 38 46 0.826086956521739
"514" 513 32 56 0.571428571428571
"515" 514 35 91 0.384615384615385
"516" 515 32 78 0.41025641025641
"517" 516 40 92 0.434782608695652
"518" 517 36 83 0.433734939759036
"519" 518 30 83 0.36144578313253
"520" 519 33 43 0.767441860465116
"521" 520 41 63 0.650793650793651
"522" 521 34 82 0.414634146341463
"523" 522 31 81 0.382716049382716
"524" 523 27 83 0.325301204819277
"525" 524 38 82 0.463414634146341
"526" 525 35 85 0.411764705882353
"527" 526 36 44 0.818181818181818
"528" 527 44 77 0.571428571428571
"529" 528 37 92 0.402173913043478
"530" 529 32 73 0.438356164383562
"531" 530 38 74 0.513513513513513
"532" 531 30 78 0.384615384615385
"533" 532 37 94 0.393617021276596
"534" 533 36 43 0.837209302325581
"535" 534 34 74 0.459459459459459
"536" 535 38 97 0.391752577319588
"537" 536 38 93 0.408602150537634
"538" 537 46 83 0.55421686746988
"539" 538 31 98 0.316326530612245
"540" 539 37 89 0.415730337078652
"541" 540 27 33 0.818181818181818
"542" 541 36 74 0.486486486486487
"543" 542 35 108 0.324074074074074
"544" 543 35 82 0.426829268292683
"545" 544 34 88 0.386363636363636
"546" 545 35 84 0.416666666666667
"547" 546 36 75 0.48
"548" 547 40 48 0.833333333333333
"549" 548 25 64 0.390625
"550" 549 34 97 0.350515463917526
"551" 550 33 91 0.362637362637363
"552" 551 27 89 0.303370786516854
"553" 552 34 90 0.377777777777778
"554" 553 39 93 0.419354838709677
"555" 554 37 46 0.804347826086957
"556" 555 35 75 0.466666666666667
"557" 556 38 107 0.355140186915888
"558" 557 42 97 0.43298969072165
"559" 558 28 84 0.333333333333333
"560" 559 34 90 0.377777777777778
"561" 560 40 87 0.459770114942529
"562" 561 35 44 0.795454545454545
"563" 562 19 55 0.345454545454545
"564" 563 34 100 0.34
"565" 564 41 105 0.39047619047619
"566" 565 32 89 0.359550561797753
"567" 566 34 79 0.430379746835443
"568" 567 39 95 0.410526315789474
"569" 568 38 50 0.76
"570" 569 40 81 0.493827160493827
"571" 570 40 115 0.347826086956522
"572" 571 35 99 0.353535353535354
"573" 572 29 80 0.3625
"574" 573 27 89 0.303370786516854
"575" 574 44 92 0.478260869565217
"576" 575 30 43 0.697674418604651
"577" 576 24 55 0.436363636363636
"578" 577 42 105 0.4
"579" 578 41 62 0.661290322580645
"580" 579 28 87 0.32183908045977
"581" 580 36 93 0.387096774193548
"582" 581 35 89 0.393258426966292
"583" 582 34 42 0.80952380952381
"584" 583 25 60 0.416666666666667
"585" 584 34 102 0.333333333333333
"586" 585 27 80 0.3375
"587" 586 36 103 0.349514563106796
"588" 587 30 99 0.303030303030303
"589" 588 46 92 0.5
"590" 589 28 36 0.777777777777778
"591" 590 32 67 0.477611940298507
"592" 591 37 105 0.352380952380952
"593" 592 39 110 0.354545454545455
"594" 593 29 89 0.325842696629214
"595" 594 34 102 0.333333333333333
"596" 595 31 90 0.344444444444444
"597" 596 35 48 0.729166666666667
"598" 597 37 65 0.569230769230769
"599" 598 43 125 0.344
"600" 599 36 94 0.382978723404255
"601" 600 34 89 0.382022471910112
"602" 601 28 116 0.241379310344828
"603" 602 37 93 0.397849462365591
"604" 603 30 45 0.666666666666667
"605" 604 29 54 0.537037037037037
"606" 605 36 113 0.31858407079646
"607" 606 32 89 0.359550561797753
"608" 607 33 79 0.417721518987342
"609" 608 47 111 0.423423423423423
"610" 609 30 80 0.375
"611" 610 34 45 0.755555555555556
"612" 611 28 56 0.5
"613" 612 23 93 0.247311827956989
"614" 613 35 94 0.372340425531915
"615" 614 35 105 0.333333333333333
"616" 615 34 71 0.47887323943662
"617" 616 29 33 0.878787878787879
"618" 617 33 47 0.702127659574468
"619" 618 40 93 0.43010752688172
"620" 619 39 129 0.302325581395349
"621" 620 41 102 0.401960784313726
"622" 621 39 109 0.357798165137615
"623" 622 31 106 0.292452830188679
"624" 623 34 98 0.346938775510204
"625" 624 39 46 0.847826086956522
"626" 625 43 94 0.457446808510638
"627" 626 24 84 0.285714285714286
"628" 627 33 94 0.351063829787234
"629" 628 36 92 0.391304347826087
"630" 629 40 100 0.4
"631" 630 31 103 0.300970873786408
"632" 631 37 51 0.725490196078431
"633" 632 36 58 0.620689655172414
"634" 633 29 109 0.26605504587156
"635" 634 30 116 0.258620689655172
"636" 635 35 102 0.343137254901961
"637" 636 39 123 0.317073170731707
"638" 637 41 116 0.353448275862069
"639" 638 37 50 0.74
"640" 639 32 69 0.463768115942029
"641" 640 38 129 0.294573643410853
"642" 641 22 81 0.271604938271605
"643" 642 37 107 0.345794392523364
"644" 643 25 103 0.242718446601942
"645" 644 26 77 0.337662337662338
"646" 645 23 36 0.638888888888889
"647" 646 39 95 0.410526315789474
"648" 647 34 105 0.323809523809524
"649" 648 25 93 0.268817204301075
"650" 649 28 94 0.297872340425532
"651" 650 35 100 0.35
"652" 651 30 77 0.38961038961039
"653" 652 24 43 0.558139534883721
"654" 653 34 60 0.566666666666667
"655" 654 39 113 0.345132743362832
"656" 655 32 53 0.60377358490566
"657" 656 26 103 0.252427184466019
"658" 657 33 98 0.336734693877551
"659" 658 30 84 0.357142857142857
"660" 659 28 34 0.823529411764706
"661" 660 38 69 0.550724637681159
"662" 661 42 114 0.368421052631579
"663" 662 28 87 0.32183908045977
"664" 663 36 110 0.327272727272727
"665" 664 38 97 0.391752577319588
"666" 665 33 84 0.392857142857143
"667" 666 42 52 0.807692307692308
"668" 667 26 56 0.464285714285714
"669" 668 37 117 0.316239316239316
"670" 669 26 77 0.337662337662338
"671" 670 31 102 0.303921568627451
"672" 671 29 98 0.295918367346939
"673" 672 28 88 0.318181818181818
"674" 673 30 41 0.731707317073171
"675" 674 41 68 0.602941176470588
"676" 675 35 106 0.330188679245283
"677" 676 37 111 0.333333333333333
"678" 677 25 95 0.263157894736842
"679" 678 35 83 0.421686746987952
"680" 679 35 110 0.318181818181818
"681" 680 31 44 0.704545454545455
"682" 681 41 83 0.493975903614458
"683" 682 42 115 0.365217391304348
"684" 683 28 103 0.271844660194175
"685" 684 39 108 0.361111111111111
"686" 685 26 97 0.268041237113402
"687" 686 35 84 0.416666666666667
"688" 687 19 34 0.558823529411765
"689" 688 32 67 0.477611940298507
"690" 689 33 116 0.28448275862069
"691" 690 30 95 0.315789473684211
"692" 691 40 106 0.377358490566038
"693" 692 37 106 0.349056603773585
"694" 693 44 95 0.463157894736842
"695" 694 33 44 0.75
"696" 695 25 59 0.423728813559322
"697" 696 37 104 0.355769230769231
"698" 697 42 113 0.371681415929204
"699" 698 24 83 0.289156626506024
"700" 699 34 107 0.317757009345794
"701" 700 33 96 0.34375
"702" 701 40 56 0.714285714285714
"703" 702 36 67 0.537313432835821
"704" 703 36 120 0.3
"705" 704 35 113 0.309734513274336
"706" 705 35 99 0.353535353535354
"707" 706 29 101 0.287128712871287
"708" 707 33 102 0.323529411764706
"709" 708 35 51 0.686274509803922
"710" 709 32 68 0.470588235294118
"711" 710 34 101 0.336633663366337
"712" 711 31 93 0.333333333333333
"713" 712 41 111 0.369369369369369
"714" 713 36 98 0.36734693877551
"715" 714 33 101 0.326732673267327
"716" 715 34 48 0.708333333333333
"717" 716 37 77 0.480519480519481
"718" 717 25 115 0.217391304347826
"719" 718 28 90 0.311111111111111
"720" 719 30 96 0.3125
"721" 720 33 93 0.354838709677419
"722" 721 28 78 0.358974358974359
"723" 722 31 38 0.815789473684211
"724" 723 37 67 0.552238805970149
"725" 724 35 87 0.402298850574713
"726" 725 38 51 0.745098039215686
"727" 726 37 99 0.373737373737374
"728" 727 29 96 0.302083333333333
"729" 728 26 68 0.382352941176471
"730" 729 43 52 0.826923076923077
"731" 730 32 39 0.82051282051282
"732" 731 39 106 0.367924528301887
"733" 732 38 97 0.391752577319588
"734" 733 33 83 0.397590361445783
"735" 734 22 84 0.261904761904762
"736" 735 35 80 0.4375
"737" 736 25 29 0.862068965517241
"738" 737 25 40 0.625
"739" 738 28 116 0.241379310344828
"740" 739 38 131 0.290076335877863
"741" 740 36 97 0.371134020618557
"742" 741 32 87 0.367816091954023
"743" 742 24 87 0.275862068965517
"744" 743 28 45 0.622222222222222
"745" 744 27 60 0.45
"746" 745 36 106 0.339622641509434
"747" 746 41 92 0.445652173913043
"748" 747 22 86 0.255813953488372
"749" 748 33 97 0.34020618556701
"750" 749 32 79 0.40506329113924
"751" 750 34 53 0.641509433962264
"752" 751 22 48 0.458333333333333
"753" 752 22 96 0.229166666666667
"754" 753 29 70 0.414285714285714
"755" 754 26 40 0.65
"756" 755 32 84 0.380952380952381
"757" 756 24 79 0.30379746835443
"758" 757 31 40 0.775
"759" 758 43 77 0.558441558441558
"760" 759 26 75 0.346666666666667
"761" 760 26 70 0.371428571428571
"762" 761 35 80 0.4375
"763" 762 23 84 0.273809523809524
"764" 763 28 66 0.424242424242424
"765" 764 25 36 0.694444444444444
"766" 765 17 51 0.333333333333333
"767" 766 23 86 0.267441860465116
"768" 767 29 83 0.349397590361446
"769" 768 31 79 0.392405063291139
"770" 769 37 102 0.362745098039216
"771" 770 26 70 0.371428571428571
"772" 771 32 41 0.780487804878049
"773" 772 30 58 0.517241379310345
"774" 773 32 95 0.336842105263158
"775" 774 41 90 0.455555555555556
"776" 775 24 73 0.328767123287671
"777" 776 29 98 0.295918367346939
"778" 777 37 82 0.451219512195122
"779" 778 30 44 0.681818181818182
"780" 779 29 58 0.5
"781" 780 25 100 0.25
"782" 781 22 80 0.275
"783" 782 32 102 0.313725490196078
"784" 783 30 92 0.326086956521739
"785" 784 32 81 0.395061728395062
"786" 785 18 30 0.6
"787" 786 19 49 0.387755102040816
"788" 787 32 110 0.290909090909091
"789" 788 27 89 0.303370786516854
"790" 789 30 100 0.3
"791" 790 30 75 0.4
"792" 791 28 42 0.666666666666667
"793" 792 45 63 0.714285714285714
"794" 793 26 67 0.388059701492537
"795" 794 26 89 0.292134831460674
"796" 795 17 74 0.22972972972973
"797" 796 27 94 0.287234042553192
"798" 797 28 93 0.301075268817204
"799" 798 25 80 0.3125
"800" 799 24 34 0.705882352941177
"801" 800 39 73 0.534246575342466
"802" 801 24 80 0.3
"803" 802 29 87 0.333333333333333
"804" 803 24 74 0.324324324324324
"805" 804 30 85 0.352941176470588
"806" 805 31 84 0.369047619047619
"807" 806 20 33 0.606060606060606
"808" 807 24 55 0.436363636363636
"809" 808 29 93 0.311827956989247
"810" 809 38 82 0.463414634146341
"811" 810 38 112 0.339285714285714
"812" 811 33 88 0.375
"813" 812 31 80 0.3875
"814" 813 24 34 0.705882352941177
"815" 814 20 49 0.408163265306122
"816" 815 23 75 0.306666666666667
"817" 816 34 91 0.373626373626374
"818" 817 18 82 0.219512195121951
"819" 818 24 87 0.275862068965517
"820" 819 29 72 0.402777777777778
"821" 820 24 39 0.615384615384615
"822" 821 20 40 0.5
"823" 822 34 90 0.377777777777778
"824" 823 31 86 0.36046511627907
"825" 824 22 74 0.297297297297297
"826" 825 26 86 0.302325581395349
"827" 826 33 80 0.4125
"828" 827 16 27 0.592592592592593
"829" 828 21 54 0.388888888888889
"830" 829 25 82 0.304878048780488
"831" 830 25 77 0.324675324675325
"832" 831 28 74 0.378378378378378
"833" 832 27 67 0.402985074626866
"834" 833 21 59 0.355932203389831
"835" 834 25 29 0.862068965517241
"836" 835 24 53 0.452830188679245
"837" 836 23 76 0.302631578947368
"838" 837 26 70 0.371428571428571
"839" 838 23 75 0.306666666666667
"840" 839 26 78 0.333333333333333
"841" 840 27 71 0.380281690140845
"842" 841 22 31 0.709677419354839
"843" 842 26 49 0.530612244897959
"844" 843 29 87 0.333333333333333
"845" 844 32 63 0.507936507936508
"846" 845 27 70 0.385714285714286
"847" 846 32 74 0.432432432432432
"848" 847 31 65 0.476923076923077
"849" 848 29 42 0.69047619047619
"850" 849 21 49 0.428571428571429
"851" 850 17 59 0.288135593220339
"852" 851 19 54 0.351851851851852
"853" 852 20 62 0.32258064516129
"854" 853 21 72 0.291666666666667
"855" 854 20 61 0.327868852459016
"856" 855 25 32 0.78125
"857" 856 19 37 0.513513513513513
"858" 857 24 75 0.32
"859" 858 17 50 0.34
"860" 859 26 68 0.382352941176471
"861" 860 37 74 0.5
"862" 861 22 61 0.360655737704918
"863" 862 22 29 0.758620689655172
"864" 863 23 47 0.48936170212766
"865" 864 23 75 0.306666666666667
"866" 865 27 75 0.36
"867" 866 26 70 0.371428571428571
"868" 867 18 60 0.3
"869" 868 32 66 0.484848484848485
"870" 869 24 31 0.774193548387097
"871" 870 34 51 0.666666666666667
"872" 871 22 59 0.372881355932203
"873" 872 30 75 0.4
"874" 873 34 80 0.425
"875" 874 19 52 0.365384615384615
"876" 875 23 59 0.389830508474576
"877" 876 25 38 0.657894736842105
"878" 877 21 44 0.477272727272727
"879" 878 23 64 0.359375
"880" 879 18 57 0.315789473684211
"881" 880 26 64 0.40625
"882" 881 26 68 0.382352941176471
"883" 882 35 78 0.448717948717949
"884" 883 25 28 0.892857142857143
"885" 884 34 54 0.62962962962963
"886" 885 17 64 0.265625
"887" 886 24 68 0.352941176470588
"888" 887 26 64 0.40625
"889" 888 28 66 0.424242424242424
"890" 889 25 62 0.403225806451613
"891" 890 25 34 0.735294117647059
"892" 891 23 46 0.5
"893" 892 25 72 0.347222222222222
"894" 893 33 75 0.44
"895" 894 17 49 0.346938775510204
"896" 895 26 79 0.329113924050633
"897" 896 38 63 0.603174603174603
"898" 897 21 30 0.7
"899" 898 11 40 0.275
"900" 899 18 81 0.222222222222222
"901" 900 20 56 0.357142857142857
"902" 901 23 60 0.383333333333333
"903" 902 25 74 0.337837837837838
"904" 903 24 55 0.436363636363636
"905" 904 29 36 0.805555555555556
"906" 905 27 52 0.519230769230769
"907" 906 20 70 0.285714285714286
"908" 907 22 62 0.354838709677419
"909" 908 15 51 0.294117647058824
"910" 909 21 62 0.338709677419355
"911" 910 26 64 0.40625
"912" 911 26 33 0.787878787878788
"913" 912 26 46 0.565217391304348
"914" 913 16 67 0.238805970149254
"915" 914 20 55 0.363636363636364
"916" 915 21 86 0.244186046511628
"917" 916 19 65 0.292307692307692
"918" 917 30 57 0.526315789473684
"919" 918 22 29 0.758620689655172
"920" 919 23 63 0.365079365079365
"921" 920 30 88 0.340909090909091
"922" 921 34 79 0.430379746835443
"923" 922 20 58 0.344827586206897
"924" 923 21 64 0.328125
"925" 924 19 56 0.339285714285714
"926" 925 12 23 0.521739130434783
"927" 926 30 58 0.517241379310345
"928" 927 20 83 0.240963855421687
"929" 928 22 58 0.379310344827586
"930" 929 24 77 0.311688311688312
"931" 930 34 84 0.404761904761905
"932" 931 23 79 0.291139240506329
"933" 932 31 39 0.794871794871795
"934" 933 27 56 0.482142857142857
"935" 934 17 76 0.223684210526316
"936" 935 30 77 0.38961038961039
"937" 936 25 95 0.263157894736842
"938" 937 25 86 0.290697674418605
"939" 938 26 75 0.346666666666667
"940" 939 20 28 0.714285714285714
"941" 940 23 60 0.383333333333333
"942" 941 19 86 0.22093023255814
"943" 942 22 83 0.265060240963855
"944" 943 24 52 0.461538461538462
"945" 944 14 74 0.189189189189189
"946" 945 24 76 0.315789473684211
"947" 946 20 31 0.645161290322581
"948" 947 13 45 0.288888888888889
"949" 948 21 95 0.221052631578947
"950" 949 19 77 0.246753246753247
"951" 950 19 62 0.306451612903226
"952" 951 26 84 0.30952380952381
"953" 952 23 82 0.280487804878049
"954" 953 31 41 0.75609756097561
"955" 954 39 74 0.527027027027027
"956" 955 21 92 0.228260869565217
"957" 956 22 67 0.328358208955224
"958" 957 23 86 0.267441860465116
"959" 958 27 79 0.341772151898734
"960" 959 24 81 0.296296296296296
"961" 960 24 32 0.75
"962" 961 39 73 0.534246575342466
"963" 962 27 101 0.267326732673267
"964" 963 16 56 0.285714285714286
"965" 964 25 68 0.367647058823529
"966" 965 24 85 0.282352941176471
"967" 966 25 78 0.320512820512821
"968" 967 23 34 0.676470588235294
"969" 968 23 63 0.365079365079365
"970" 969 21 89 0.235955056179775
"971" 970 31 93 0.333333333333333
"972" 971 23 92 0.25
"973" 972 16 73 0.219178082191781
"974" 973 17 71 0.23943661971831
"975" 974 26 44 0.590909090909091
"976" 975 26 51 0.509803921568627
"977" 976 25 88 0.284090909090909
"978" 977 35 97 0.360824742268041
"979" 978 22 77 0.285714285714286
"980" 979 17 74 0.22972972972973
"981" 980 21 75 0.28
"982" 981 34 48 0.708333333333333
"983" 982 20 53 0.377358490566038
"984" 983 19 91 0.208791208791209
"985" 984 28 88 0.318181818181818
"986" 985 25 87 0.28735632183908
"987" 986 14 68 0.205882352941176
"988" 987 23 76 0.302631578947368
"989" 988 26 39 0.666666666666667
"990" 989 15 39 0.384615384615385
"991" 990 20 72 0.277777777777778
"992" 991 24 81 0.296296296296296
"993" 992 21 92 0.228260869565217
"994" 993 26 83 0.313253012048193
"995" 994 30 82 0.365853658536585
"996" 995 20 32 0.625
"997" 996 28 73 0.383561643835616
"998" 997 30 102 0.294117647058824
"999" 998 20 86 0.232558139534884
"1000" 999 19 72 0.263888888888889
"1001" 1000 26 68 0.382352941176471
"1002" 1001 27 38 0.710526315789474
"1003" 1002 15 25 0.6
"1004" 1003 28 76 0.368421052631579
"1005" 1004 19 106 0.179245283018868
"1006" 1005 22 85 0.258823529411765
"1007" 1006 23 88 0.261363636363636
"1008" 1007 32 91 0.351648351648352
"1009" 1008 34 84 0.404761904761905
"1010" 1009 25 33 0.757575757575758
"1011" 1010 23 62 0.370967741935484
"1012" 1011 21 83 0.253012048192771
"1013" 1012 18 75 0.24
"1014" 1013 19 66 0.287878787878788
"1015" 1014 16 61 0.262295081967213
"1016" 1015 22 75 0.293333333333333
"1017" 1016 20 28 0.714285714285714
"1018" 1017 22 50 0.44
"1019" 1018 20 85 0.235294117647059
"1020" 1019 19 59 0.322033898305085
"1021" 1020 26 81 0.320987654320988
"1022" 1021 25 87 0.28735632183908
"1023" 1022 18 69 0.260869565217391
"1024" 1023 24 41 0.585365853658537
"1025" 1024 24 48 0.5
"1026" 1025 19 76 0.25
"1027" 1026 16 75 0.213333333333333
"1028" 1027 22 91 0.241758241758242
"1029" 1028 23 85 0.270588235294118
"1030" 1029 20 73 0.273972602739726
"1031" 1030 18 35 0.514285714285714
"1032" 1031 17 50 0.34
"1033" 1032 30 91 0.32967032967033
"1034" 1033 23 92 0.25
"1035" 1034 16 71 0.225352112676056
"1036" 1035 23 75 0.306666666666667
"1037" 1036 20 60 0.333333333333333
"1038" 1037 20 29 0.689655172413793
"1039" 1038 18 51 0.352941176470588
"1040" 1039 16 81 0.197530864197531
"1041" 1040 21 86 0.244186046511628
"1042" 1041 20 76 0.263157894736842
"1043" 1042 20 83 0.240963855421687
"1044" 1043 21 82 0.25609756097561
"1045" 1044 24 32 0.75
"1046" 1045 21 54 0.388888888888889
"1047" 1046 22 96 0.229166666666667
"1048" 1047 19 69 0.27536231884058
"1049" 1048 19 68 0.279411764705882
"1050" 1049 16 83 0.192771084337349
"1051" 1050 24 80 0.3
"1052" 1051 16 28 0.571428571428571
"1053" 1052 26 54 0.481481481481481
"1054" 1053 25 93 0.268817204301075
"1055" 1054 19 80 0.2375
"1056" 1055 24 86 0.27906976744186
"1057" 1056 23 80 0.2875
"1058" 1057 26 68 0.382352941176471
"1059" 1058 20 32 0.625
"1060" 1059 26 55 0.472727272727273
"1061" 1060 25 89 0.280898876404494
"1062" 1061 28 103 0.271844660194175
"1063" 1062 26 81 0.320987654320988
"1064" 1063 24 81 0.296296296296296
"1065" 1064 17 45 0.377777777777778
"1066" 1065 20 34 0.588235294117647
"1067" 1066 21 50 0.42
"1068" 1067 16 73 0.219178082191781
"1069" 1068 18 84 0.214285714285714
"1070" 1069 24 73 0.328767123287671
"1071" 1070 17 74 0.22972972972973
"1072" 1071 21 74 0.283783783783784
"1073" 1072 18 29 0.620689655172414
"1074" 1073 28 55 0.509090909090909
"1075" 1074 21 84 0.25
"1076" 1075 23 86 0.267441860465116
"1077" 1076 23 89 0.258426966292135
"1078" 1077 21 83 0.253012048192771
"1079" 1078 17 80 0.2125
"1080" 1079 15 31 0.483870967741935
"1081" 1080 31 61 0.508196721311475
"1082" 1081 22 93 0.236559139784946
"1083" 1082 21 77 0.272727272727273
"1084" 1083 24 94 0.25531914893617
"1085" 1084 22 86 0.255813953488372
"1086" 1085 19 71 0.267605633802817
"1087" 1086 25 34 0.735294117647059
"1088" 1087 22 62 0.354838709677419
"1089" 1088 19 91 0.208791208791209
"1090" 1089 17 63 0.26984126984127
"1091" 1090 16 30 0.533333333333333
"1092" 1091 23 93 0.247311827956989
"1093" 1092 25 69 0.36231884057971
"1094" 1093 20 34 0.588235294117647
"1095" 1094 21 41 0.51219512195122
"1096" 1095 18 31 0.580645161290323
"1097" 1096 20 84 0.238095238095238
"1098" 1097 24 74 0.324324324324324
"1099" 1098 17 62 0.274193548387097
"1100" 1099 30 63 0.476190476190476
"1101" 1100 24 29 0.827586206896552
"1102" 1101 24 35 0.685714285714286
"1103" 1102 12 24 0.5
"1104" 1103 33 116 0.28448275862069
"1105" 1104 15 91 0.164835164835165
"1106" 1105 24 87 0.275862068965517
"1107" 1106 22 81 0.271604938271605
"1108" 1107 16 22 0.727272727272727
"1109" 1108 29 56 0.517857142857143
"1110" 1109 20 65 0.307692307692308
"1111" 1110 23 80 0.2875
"1112" 1111 20 56 0.357142857142857
"1113" 1112 24 71 0.338028169014085
"1114" 1113 27 61 0.442622950819672
"1115" 1114 14 24 0.583333333333333
"1116" 1115 17 45 0.377777777777778
"1117" 1116 16 91 0.175824175824176
"1118" 1117 15 47 0.319148936170213
"1119" 1118 18 46 0.391304347826087
"1120" 1119 15 27 0.555555555555556
"1121" 1120 18 52 0.346153846153846
"1122" 1121 23 32 0.71875
"1123" 1122 22 45 0.488888888888889
"1124" 1123 31 82 0.378048780487805
"1125" 1124 28 76 0.368421052631579
"1126" 1125 23 85 0.270588235294118
"1127" 1126 20 73 0.273972602739726
"1128" 1127 21 61 0.344262295081967
"1129" 1128 22 30 0.733333333333333
"1130" 1129 11 25 0.44
"1131" 1130 17 71 0.23943661971831
"1132" 1131 15 62 0.241935483870968
"1133" 1132 29 97 0.298969072164948
"1134" 1133 16 60 0.266666666666667
"1135" 1134 25 65 0.384615384615385
"1136" 1135 19 30 0.633333333333333
"1137" 1136 25 62 0.403225806451613
"1138" 1137 16 66 0.242424242424242
"1139" 1138 19 68 0.279411764705882
"1140" 1139 24 72 0.333333333333333
"1141" 1140 14 64 0.21875
"1142" 1141 23 69 0.333333333333333
"1143" 1142 20 28 0.714285714285714
"1144" 1143 21 37 0.567567567567568
"1145" 1144 15 66 0.227272727272727
"1146" 1145 28 66 0.424242424242424
"1147" 1146 24 77 0.311688311688312
"1148" 1147 29 69 0.420289855072464
"1149" 1148 18 63 0.285714285714286
"1150" 1149 20 26 0.769230769230769
"1151" 1150 23 52 0.442307692307692
"1152" 1151 21 74 0.283783783783784
"1153" 1152 20 53 0.377358490566038
"1154" 1153 19 67 0.283582089552239
"1155" 1154 16 64 0.25
"1156" 1155 16 51 0.313725490196078
"1157" 1156 18 26 0.692307692307692
"1158" 1157 26 59 0.440677966101695
"1159" 1158 12 67 0.17910447761194
"1160" 1159 9 44 0.204545454545455
"1161" 1160 21 53 0.39622641509434
"1162" 1161 19 59 0.322033898305085
"1163" 1162 19 50 0.38
"1164" 1163 18 30 0.6
"1165" 1164 19 40 0.475
"1166" 1165 13 63 0.206349206349206
"1167" 1166 14 59 0.23728813559322
"1168" 1167 19 64 0.296875
"1169" 1168 16 59 0.271186440677966
"1170" 1169 18 49 0.36734693877551
"1171" 1170 22 31 0.709677419354839
"1172" 1171 21 51 0.411764705882353
"1173" 1172 17 57 0.298245614035088
"1174" 1173 24 61 0.39344262295082
"1175" 1174 15 64 0.234375
"1176" 1175 18 62 0.290322580645161
"1177" 1176 21 61 0.344262295081967
"1178" 1177 19 27 0.703703703703704
"1179" 1178 19 38 0.5
"1180" 1179 13 51 0.254901960784314
"1181" 1180 20 65 0.307692307692308
"1182" 1181 18 57 0.315789473684211
"1183" 1182 13 48 0.270833333333333
"1184" 1183 16 50 0.32
"1185" 1184 13 18 0.722222222222222
"1186" 1185 17 42 0.404761904761905
"1187" 1186 16 63 0.253968253968254
"1188" 1187 24 59 0.406779661016949
"1189" 1188 15 60 0.25
"1190" 1189 17 55 0.309090909090909
"1191" 1190 19 62 0.306451612903226
"1192" 1191 20 34 0.588235294117647
"1193" 1192 18 44 0.409090909090909
"1194" 1193 15 63 0.238095238095238
"1195" 1194 14 64 0.21875
"1196" 1195 15 53 0.283018867924528
"1197" 1196 19 50 0.38
"1198" 1197 17 54 0.314814814814815
"1199" 1198 15 21 0.714285714285714
"1200" 1199 23 45 0.511111111111111
"1201" 1200 14 53 0.264150943396226
"1202" 1201 19 66 0.287878787878788
"1203" 1202 13 58 0.224137931034483
"1204" 1203 20 58 0.344827586206897
"1205" 1204 22 48 0.458333333333333
"1206" 1205 14 18 0.777777777777778
"1207" 1206 18 37 0.486486486486487
"1208" 1207 11 41 0.268292682926829
"1209" 1208 16 47 0.340425531914894
"1210" 1209 27 51 0.529411764705882
"1211" 1210 15 48 0.3125
"1212" 1211 16 49 0.326530612244898
"1213" 1212 18 28 0.642857142857143
"1214" 1213 23 45 0.511111111111111
"1215" 1214 18 57 0.315789473684211
"1216" 1215 14 47 0.297872340425532
"1217" 1216 9 46 0.195652173913043
"1218" 1217 18 45 0.4
"1219" 1218 25 58 0.431034482758621
"1220" 1219 18 27 0.666666666666667
"1221" 1220 21 34 0.617647058823529
"1222" 1221 11 49 0.224489795918367
"1223" 1222 18 35 0.514285714285714
"1224" 1223 15 36 0.416666666666667
"1225" 1224 19 58 0.327586206896552
"1226" 1225 16 47 0.340425531914894
"1227" 1226 10 13 0.769230769230769
"1228" 1227 16 31 0.516129032258065
"1229" 1228 17 47 0.361702127659574
"1230" 1229 18 64 0.28125
"1231" 1230 21 54 0.388888888888889
"1232" 1231 14 51 0.274509803921569
"1233" 1232 13 36 0.361111111111111
"1234" 1233 18 23 0.782608695652174
"1235" 1234 16 28 0.571428571428571
"1236" 1235 19 66 0.287878787878788
"1237" 1236 19 53 0.358490566037736
"1238" 1237 18 47 0.382978723404255
"1239" 1238 17 51 0.333333333333333
"1240" 1239 17 43 0.395348837209302
"1241" 1240 20 31 0.645161290322581
"1242" 1241 18 39 0.461538461538462
"1243" 1242 12 46 0.260869565217391
"1244" 1243 26 57 0.456140350877193
"1245" 1244 16 37 0.432432432432432
"1246" 1245 14 42 0.333333333333333
"1247" 1246 13 38 0.342105263157895
"1248" 1247 18 23 0.782608695652174
"1249" 1248 12 37 0.324324324324324
"1250" 1249 11 60 0.183333333333333
"1251" 1250 17 51 0.333333333333333
"1252" 1251 17 66 0.257575757575758
"1253" 1252 16 42 0.380952380952381
"1254" 1253 21 53 0.39622641509434
"1255" 1254 26 36 0.722222222222222
"1256" 1255 22 46 0.478260869565217
"1257" 1256 14 58 0.241379310344828
"1258" 1257 12 34 0.352941176470588
"1259" 1258 22 54 0.407407407407407
"1260" 1259 12 55 0.218181818181818
"1261" 1260 19 51 0.372549019607843
"1262" 1261 12 22 0.545454545454545
"1263" 1262 16 42 0.380952380952381
"1264" 1263 14 48 0.291666666666667
"1265" 1264 22 61 0.360655737704918
"1266" 1265 16 56 0.285714285714286
"1267" 1266 12 52 0.230769230769231
"1268" 1267 19 51 0.372549019607843
"1269" 1268 17 26 0.653846153846154
"1270" 1269 21 47 0.446808510638298
"1271" 1270 26 81 0.320987654320988
"1272" 1271 19 52 0.365384615384615
"1273" 1272 15 53 0.283018867924528
"1274" 1273 12 47 0.25531914893617
"1275" 1274 11 50 0.22
"1276" 1275 20 30 0.666666666666667
"1277" 1276 11 32 0.34375
"1278" 1277 17 63 0.26984126984127
"1279" 1278 9 55 0.163636363636364
"1280" 1279 18 62 0.290322580645161
"1281" 1280 15 58 0.258620689655172
"1282" 1281 14 49 0.285714285714286
"1283" 1282 19 26 0.730769230769231
"1284" 1283 20 43 0.465116279069767
"1285" 1284 18 66 0.272727272727273
"1286" 1285 17 55 0.309090909090909
"1287" 1286 10 49 0.204081632653061
"1288" 1287 23 53 0.433962264150943
"1289" 1288 24 47 0.51063829787234
"1290" 1289 13 22 0.590909090909091
"1291" 1290 17 57 0.298245614035088
"1292" 1291 9 55 0.163636363636364
"1293" 1292 19 58 0.327586206896552
"1294" 1293 10 57 0.175438596491228
"1295" 1294 19 63 0.301587301587302
"1296" 1295 23 63 0.365079365079365
"1297" 1296 16 22 0.727272727272727
"1298" 1297 16 33 0.484848484848485
"1299" 1298 19 68 0.279411764705882
"1300" 1299 24 68 0.352941176470588
"1301" 1300 17 56 0.303571428571429
"1302" 1301 17 55 0.309090909090909
"1303" 1302 18 59 0.305084745762712
"1304" 1303 19 32 0.59375
"1305" 1304 21 53 0.39622641509434
"1306" 1305 16 63 0.253968253968254
"1307" 1306 16 65 0.246153846153846
"1308" 1307 18 59 0.305084745762712
"1309" 1308 18 30 0.6
"1310" 1309 10 49 0.204081632653061
"1311" 1310 13 25 0.52
"1312" 1311 20 48 0.416666666666667
"1313" 1312 14 58 0.241379310344828
"1314" 1313 26 71 0.366197183098592
"1315" 1314 14 68 0.205882352941176
"1316" 1315 13 67 0.194029850746269
"1317" 1316 14 51 0.274509803921569
"1318" 1317 13 18 0.722222222222222
"1319" 1318 18 52 0.346153846153846
"1320" 1319 17 93 0.182795698924731
"1321" 1320 23 70 0.328571428571429
"1322" 1321 17 73 0.232876712328767
"1323" 1322 16 57 0.280701754385965
"1324" 1323 11 42 0.261904761904762
"1325" 1324 15 26 0.576923076923077
"1326" 1325 9 44 0.204545454545455
"1327" 1326 19 67 0.283582089552239
"1328" 1327 14 74 0.189189189189189
"1329" 1328 12 46 0.260869565217391
"1330" 1329 10 54 0.185185185185185
"1331" 1330 23 58 0.396551724137931
"1332" 1331 8 15 0.533333333333333
"1333" 1332 13 45 0.288888888888889
"1334" 1333 8 69 0.115942028985507
"1335" 1334 12 55 0.218181818181818
"1336" 1335 12 56 0.214285714285714
"1337" 1336 13 59 0.220338983050847
"1338" 1337 15 50 0.3
"1339" 1338 16 27 0.592592592592593
"1340" 1339 16 30 0.533333333333333
"1341" 1340 17 39 0.435897435897436
"1342" 1341 16 71 0.225352112676056
"1343" 1342 13 59 0.220338983050847
"1344" 1343 18 69 0.260869565217391
"1345" 1344 14 53 0.264150943396226
"1346" 1345 14 23 0.608695652173913
"1347" 1346 19 49 0.387755102040816
"1348" 1347 15 76 0.197368421052632
"1349" 1348 20 79 0.253164556962025
"1350" 1349 17 68 0.25
"1351" 1350 18 58 0.310344827586207
"1352" 1351 16 55 0.290909090909091
"1353" 1352 16 25 0.64
"1354" 1353 11 39 0.282051282051282
"1355" 1354 21 78 0.269230769230769
"1356" 1355 22 62 0.354838709677419
"1357" 1356 25 71 0.352112676056338
"1358" 1357 10 45 0.222222222222222
"1359" 1358 14 17 0.823529411764706
"1360" 1359 18 35 0.514285714285714
"1361" 1360 9 46 0.195652173913043
"1362" 1361 11 91 0.120879120879121
"1363" 1362 18 66 0.272727272727273
"1364" 1363 12 55 0.218181818181818
"1365" 1364 13 73 0.178082191780822
"1366" 1365 12 64 0.1875
"1367" 1366 23 33 0.696969696969697
"1368" 1367 23 55 0.418181818181818
"1369" 1368 16 61 0.262295081967213
"1370" 1369 12 65 0.184615384615385
"1371" 1370 19 66 0.287878787878788
"1372" 1371 21 66 0.318181818181818
"1373" 1372 21 62 0.338709677419355
"1374" 1373 10 19 0.526315789473684
"1375" 1374 20 47 0.425531914893617
"1376" 1375 12 61 0.19672131147541
"1377" 1376 19 62 0.306451612903226
"1378" 1377 16 68 0.235294117647059
"1379" 1378 20 61 0.327868852459016
"1380" 1379 19 52 0.365384615384615
"1381" 1380 12 27 0.444444444444444
"1382" 1381 13 36 0.361111111111111
"1383" 1382 10 52 0.192307692307692
"1384" 1383 22 84 0.261904761904762
"1385" 1384 16 60 0.266666666666667
"1386" 1385 19 69 0.27536231884058
"1387" 1386 23 76 0.302631578947368
"1388" 1387 11 20 0.55
"1389" 1388 20 60 0.333333333333333
"1390" 1389 11 74 0.148648648648649
"1391" 1390 18 82 0.219512195121951
"1392" 1391 11 72 0.152777777777778
"1393" 1392 17 63 0.26984126984127
"1394" 1393 13 49 0.26530612244898
"1395" 1394 10 27 0.37037037037037
"1396" 1395 9 43 0.209302325581395
"1397" 1396 7 70 0.1
"1398" 1397 13 64 0.203125
"1399" 1398 17 67 0.253731343283582
"1400" 1399 21 78 0.269230769230769
"1401" 1400 18 60 0.3
"1402" 1401 24 35 0.685714285714286
"1403" 1402 18 43 0.418604651162791
"1404" 1403 15 74 0.202702702702703
"1405" 1404 15 60 0.25
"1406" 1405 16 69 0.231884057971014
"1407" 1406 9 68 0.132352941176471
"1408" 1407 11 57 0.192982456140351
"1409" 1408 19 29 0.655172413793103
"1410" 1409 10 31 0.32258064516129
"1411" 1410 14 66 0.212121212121212
"1412" 1411 15 77 0.194805194805195
"1413" 1412 15 71 0.211267605633803
"1414" 1413 13 66 0.196969696969697
"1415" 1414 19 63 0.301587301587302
"1416" 1415 13 26 0.5
"1417" 1416 15 49 0.306122448979592
"1418" 1417 15 84 0.178571428571429
"1419" 1418 7 65 0.107692307692308
"1420" 1419 12 57 0.210526315789474
"1421" 1420 17 72 0.236111111111111
"1422" 1421 16 73 0.219178082191781
"1423" 1422 14 21 0.666666666666667
"1424" 1423 19 44 0.431818181818182
"1425" 1424 13 71 0.183098591549296
"1426" 1425 18 65 0.276923076923077
"1427" 1426 18 67 0.26865671641791
"1428" 1427 18 76 0.236842105263158
"1429" 1428 11 45 0.244444444444444
"1430" 1429 15 31 0.483870967741935
"1431" 1430 12 50 0.24
"1432" 1431 10 82 0.121951219512195
"1433" 1432 14 60 0.233333333333333
"1434" 1433 7 69 0.101449275362319
"1435" 1434 18 68 0.264705882352941
"1436" 1435 14 59 0.23728813559322
"1437" 1436 14 34 0.411764705882353
"1438" 1437 5 52 0.0961538461538462
"1439" 1438 18 72 0.25
"1440" 1439 14 54 0.259259259259259
"1441" 1440 17 70 0.242857142857143
"1442" 1441 16 60 0.266666666666667
"1443" 1442 16 51 0.313725490196078
"1444" 1443 11 23 0.478260869565217
"1445" 1444 21 47 0.446808510638298
"1446" 1445 20 82 0.24390243902439
"1447" 1446 21 72 0.291666666666667
"1448" 1447 14 59 0.23728813559322
"1449" 1448 14 63 0.222222222222222
"1450" 1449 17 64 0.265625
"1451" 1450 22 33 0.666666666666667
"1452" 1451 12 53 0.226415094339623
"1453" 1452 12 76 0.157894736842105
"1454" 1453 16 70 0.228571428571429
"1455" 1454 8 40 0.2
"1456" 1455 18 35 0.514285714285714
"1457" 1456 17 75 0.226666666666667
"1458" 1457 9 21 0.428571428571429
"1459" 1458 19 34 0.558823529411765
"1460" 1459 8 46 0.173913043478261
"1461" 1460 13 24 0.541666666666667
"1462" 1461 9 48 0.1875
"1463" 1462 9 51 0.176470588235294
"1464" 1463 15 50 0.3
"1465" 1464 18 23 0.782608695652174
"1466" 1465 13 27 0.481481481481481
"1467" 1466 20 26 0.769230769230769
"1468" 1467 12 30 0.4
"1469" 1468 18 102 0.176470588235294
"1470" 1469 17 72 0.236111111111111
"1471" 1470 14 50 0.28
"1472" 1471 15 22 0.681818181818182
"1473" 1472 18 48 0.375
"1474" 1473 6 62 0.0967741935483871
"1475" 1474 11 61 0.180327868852459
"1476" 1475 12 66 0.181818181818182
"1477" 1476 12 65 0.184615384615385
"1478" 1477 19 63 0.301587301587302
"1479" 1478 19 30 0.633333333333333
"1480" 1479 16 50 0.32
"1481" 1480 12 66 0.181818181818182
"1482" 1481 15 61 0.245901639344262
"1483" 1482 12 59 0.203389830508475
"1484" 1483 8 34 0.235294117647059
"1485" 1484 11 18 0.611111111111111
"1486" 1485 9 20 0.45
"1487" 1486 13 56 0.232142857142857
"1488" 1487 14 71 0.197183098591549
"1489" 1488 12 53 0.226415094339623
"1490" 1489 16 59 0.271186440677966
"1491" 1490 13 43 0.302325581395349
"1492" 1491 12 39 0.307692307692308
"1493" 1492 16 25 0.64
"1494" 1493 17 40 0.425
"1495" 1494 10 61 0.163934426229508
"1496" 1495 21 70 0.3
"1497" 1496 11 56 0.196428571428571
"1498" 1497 11 62 0.17741935483871
"1499" 1498 7 51 0.137254901960784
"1500" 1499 9 20 0.45
"1501" 1500 20 38 0.526315789473684
"1502" 1501 12 63 0.19047619047619
"1503" 1502 14 64 0.21875
"1504" 1503 10 54 0.185185185185185
"1505" 1504 18 53 0.339622641509434
"1506" 1505 11 41 0.268292682926829
"1507" 1506 15 26 0.576923076923077
"1508" 1507 18 37 0.486486486486487
"1509" 1508 13 61 0.213114754098361
"1510" 1509 11 59 0.186440677966102
"1511" 1510 12 53 0.226415094339623
"1512" 1511 14 57 0.245614035087719
"1513" 1512 5 43 0.116279069767442
"1514" 1513 16 19 0.842105263157895
"1515" 1514 9 32 0.28125
"1516" 1515 9 49 0.183673469387755
"1517" 1516 15 63 0.238095238095238
"1518" 1517 23 66 0.348484848484849
"1519" 1518 13 52 0.25
"1520" 1519 9 39 0.230769230769231
"1521" 1520 9 24 0.375
"1522" 1521 9 24 0.375
"1523" 1522 11 63 0.174603174603175
"1524" 1523 10 53 0.188679245283019
"1525" 1524 16 58 0.275862068965517
"1526" 1525 10 60 0.166666666666667
"1527" 1526 12 44 0.272727272727273
"1528" 1527 21 31 0.67741935483871
"1529" 1528 12 40 0.3
"1530" 1529 8 58 0.137931034482759
"1531" 1530 13 56 0.232142857142857
"1532" 1531 16 77 0.207792207792208
"1533" 1532 2 44 0.0454545454545455
"1534" 1533 13 56 0.232142857142857
"1535" 1534 7 14 0.5
"1536" 1535 18 46 0.391304347826087
"1537" 1536 12 64 0.1875
"1538" 1537 9 48 0.1875
"1539" 1538 13 56 0.232142857142857
"1540" 1539 7 51 0.137254901960784
"1541" 1540 11 54 0.203703703703704
"1542" 1541 14 27 0.518518518518518
"1543" 1542 14 32 0.4375
"1544" 1543 8 52 0.153846153846154
"1545" 1544 14 57 0.245614035087719
"1546" 1545 9 42 0.214285714285714
"1547" 1546 11 46 0.239130434782609
"1548" 1547 14 42 0.333333333333333
"1549" 1548 10 23 0.434782608695652
"1550" 1549 16 44 0.363636363636364
"1551" 1550 12 42 0.285714285714286
"1552" 1551 10 41 0.24390243902439
"1553" 1552 13 43 0.302325581395349
"1554" 1553 7 40 0.175
"1555" 1554 16 47 0.340425531914894
"1556" 1555 10 17 0.588235294117647
"1557" 1556 15 31 0.483870967741935
"1558" 1557 20 60 0.333333333333333
"1559" 1558 24 61 0.39344262295082
"1560" 1559 11 46 0.239130434782609
"1561" 1560 18 50 0.36
"1562" 1561 13 39 0.333333333333333
"1563" 1562 9 15 0.6
"1564" 1563 7 31 0.225806451612903
"1565" 1564 10 50 0.2
"1566" 1565 9 46 0.195652173913043
"1567" 1566 9 60 0.15
"1568" 1567 9 39 0.230769230769231
"1569" 1568 9 39 0.230769230769231
"1570" 1569 17 24 0.708333333333333
"1571" 1570 13 32 0.40625
"1572" 1571 21 56 0.375
"1573" 1572 13 44 0.295454545454545
"1574" 1573 9 55 0.163636363636364
"1575" 1574 14 41 0.341463414634146
"1576" 1575 13 44 0.295454545454545
"1577" 1576 17 26 0.653846153846154
"1578" 1577 9 20 0.45
"1579" 1578 10 41 0.24390243902439
"1580" 1579 8 37 0.216216216216216
"1581" 1580 17 47 0.361702127659574
"1582" 1581 7 34 0.205882352941176
"1583" 1582 15 29 0.517241379310345
"1584" 1583 10 20 0.5
"1585" 1584 9 34 0.264705882352941
"1586" 1585 12 54 0.222222222222222
"1587" 1586 7 45 0.155555555555556
"1588" 1587 10 35 0.285714285714286
"1589" 1588 17 52 0.326923076923077
"1590" 1589 15 40 0.375
"1591" 1590 11 17 0.647058823529412
"1592" 1591 11 28 0.392857142857143
"1593" 1592 11 42 0.261904761904762
"1594" 1593 11 46 0.239130434782609
"1595" 1594 10 38 0.263157894736842
"1596" 1595 10 30 0.333333333333333
"1597" 1596 15 36 0.416666666666667
"1598" 1597 6 11 0.545454545454545
"1599" 1598 10 17 0.588235294117647
"1600" 1599 9 18 0.5
"1601" 1600 11 61 0.180327868852459
"1602" 1601 16 53 0.30188679245283
"1603" 1602 8 37 0.216216216216216
"1604" 1603 13 38 0.342105263157895
"1605" 1604 19 23 0.826086956521739
"1606" 1605 13 31 0.419354838709677
"1607" 1606 13 42 0.30952380952381
"1608" 1607 14 48 0.291666666666667
"1609" 1608 8 41 0.195121951219512
"1610" 1609 9 34 0.264705882352941
"1611" 1610 18 47 0.382978723404255
"1612" 1611 8 15 0.533333333333333
"1613" 1612 10 22 0.454545454545455
"1614" 1613 8 49 0.163265306122449
"1615" 1614 12 58 0.206896551724138
"1616" 1615 14 52 0.269230769230769
"1617" 1616 15 40 0.375
"1618" 1617 6 41 0.146341463414634
"1619" 1618 12 18 0.666666666666667
"1620" 1619 11 34 0.323529411764706
"1621" 1620 20 54 0.37037037037037
"1622" 1621 14 42 0.333333333333333
"1623" 1622 5 42 0.119047619047619
"1624" 1623 8 39 0.205128205128205
"1625" 1624 9 27 0.333333333333333
"1626" 1625 21 29 0.724137931034483
"1627" 1626 12 41 0.292682926829268
"1628" 1627 13 53 0.245283018867925
"1629" 1628 13 46 0.282608695652174
"1630" 1629 7 39 0.179487179487179
"1631" 1630 15 51 0.294117647058824
"1632" 1631 12 37 0.324324324324324
"1633" 1632 4 8 0.5
"1634" 1633 10 28 0.357142857142857
"1635" 1634 8 50 0.16
"1636" 1635 10 47 0.212765957446809
"1637" 1636 15 46 0.326086956521739
"1638" 1637 9 52 0.173076923076923
"1639" 1638 6 33 0.181818181818182
"1640" 1639 15 25 0.6
"1641" 1640 12 32 0.375
"1642" 1641 14 59 0.23728813559322
"1643" 1642 7 41 0.170731707317073
"1644" 1643 11 38 0.289473684210526
"1645" 1644 12 40 0.3
"1646" 1645 12 49 0.244897959183673
"1647" 1646 7 18 0.388888888888889
"1648" 1647 11 38 0.289473684210526
"1649" 1648 12 66 0.181818181818182
"1650" 1649 7 39 0.179487179487179
"1651" 1650 8 37 0.216216216216216
"1652" 1651 10 49 0.204081632653061
"1653" 1652 11 37 0.297297297297297
"1654" 1653 3 11 0.272727272727273
"1655" 1654 9 35 0.257142857142857
"1656" 1655 12 55 0.218181818181818
"1657" 1656 9 36 0.25
"1658" 1657 8 44 0.181818181818182
"1659" 1658 10 45 0.222222222222222
"1660" 1659 9 38 0.236842105263158
"1661" 1660 14 23 0.608695652173913
"1662" 1661 17 39 0.435897435897436
"1663" 1662 11 68 0.161764705882353
"1664" 1663 8 44 0.181818181818182
"1665" 1664 9 49 0.183673469387755
"1666" 1665 7 45 0.155555555555556
"1667" 1666 8 49 0.163265306122449
"1668" 1667 11 20 0.55
"1669" 1668 9 24 0.375
"1670" 1669 14 65 0.215384615384615
"1671" 1670 11 55 0.2
"1672" 1671 12 51 0.235294117647059
"1673" 1672 13 52 0.25
"1674" 1673 9 13 0.692307692307692
"1675" 1674 12 17 0.705882352941177
"1676" 1675 10 44 0.227272727272727
"1677" 1676 7 63 0.111111111111111
"1678" 1677 6 52 0.115384615384615
"1679" 1678 8 42 0.19047619047619
"1680" 1679 12 56 0.214285714285714
"1681" 1680 7 31 0.225806451612903
"1682" 1681 11 25 0.44
"1683" 1682 18 42 0.428571428571429
"1684" 1683 12 64 0.1875
"1685" 1684 12 57 0.210526315789474
"1686" 1685 6 61 0.0983606557377049
"1687" 1686 11 59 0.186440677966102
"1688" 1687 16 53 0.30188679245283
"1689" 1688 6 17 0.352941176470588
"1690" 1689 11 40 0.275
"1691" 1690 6 42 0.142857142857143
"1692" 1691 2 37 0.0540540540540541
"1693" 1692 5 45 0.111111111111111
"1694" 1693 3 42 0.0714285714285714
"1695" 1694 10 47 0.212765957446809
"1696" 1695 7 14 0.5
"1697" 1696 8 37 0.216216216216216
"1698" 1697 3 45 0.0666666666666667
"1699" 1698 3 40 0.075
"1700" 1699 10 52 0.192307692307692
"1701" 1700 11 57 0.192982456140351
"1702" 1701 5 34 0.147058823529412
"1703" 1702 7 15 0.466666666666667
"1704" 1703 17 36 0.472222222222222
"1705" 1704 6 35 0.171428571428571
"1706" 1705 9 27 0.333333333333333
"1707" 1706 11 72 0.152777777777778
"1708" 1707 13 70 0.185714285714286
"1709" 1708 5 31 0.161290322580645
"1710" 1709 16 30 0.533333333333333
"1711" 1710 12 29 0.413793103448276
"1712" 1711 9 29 0.310344827586207
"1713" 1712 13 81 0.160493827160494
"1714" 1713 8 57 0.140350877192982
"1715" 1714 8 61 0.131147540983607
"1716" 1715 7 44 0.159090909090909
"1717" 1716 11 17 0.647058823529412
"1718" 1717 8 43 0.186046511627907
"1719" 1718 6 64 0.09375
"1720" 1719 9 55 0.163636363636364
"1721" 1720 10 50 0.2
"1722" 1721 6 48 0.125
"1723" 1722 5 47 0.106382978723404
"1724" 1723 10 20 0.5
"1725" 1724 8 45 0.177777777777778
"1726" 1725 12 67 0.17910447761194
"1727" 1726 16 65 0.246153846153846
"1728" 1727 7 58 0.120689655172414
"1729" 1728 14 53 0.264150943396226
"1730" 1729 11 47 0.234042553191489
"1731" 1730 8 16 0.5
"1732" 1731 16 43 0.372093023255814
"1733" 1732 6 58 0.103448275862069
"1734" 1733 13 51 0.254901960784314
"1735" 1734 13 48 0.270833333333333
"1736" 1735 14 53 0.264150943396226
"1737" 1736 13 55 0.236363636363636
"1738" 1737 9 17 0.529411764705882
"1739" 1738 6 33 0.181818181818182
"1740" 1739 8 67 0.119402985074627
"1741" 1740 5 45 0.111111111111111
"1742" 1741 11 55 0.2
"1743" 1742 7 29 0.241379310344828
"1744" 1743 4 8 0.5
"1745" 1744 12 23 0.521739130434783
"1746" 1745 9 57 0.157894736842105
"1747" 1746 6 65 0.0923076923076923
"1748" 1747 11 65 0.169230769230769
"1749" 1748 11 50 0.22
"1750" 1749 7 41 0.170731707317073
"1751" 1750 7 47 0.148936170212766
"1752" 1751 11 16 0.6875
"1753" 1752 6 46 0.130434782608696
"1754" 1753 8 45 0.177777777777778
"1755" 1754 10 65 0.153846153846154
"1756" 1755 10 51 0.196078431372549
"1757" 1756 7 49 0.142857142857143
"1758" 1757 5 35 0.142857142857143
"1759" 1758 6 15 0.4
"1760" 1759 10 36 0.277777777777778
"1761" 1760 9 64 0.140625
"1762" 1761 12 55 0.218181818181818
"1763" 1762 7 48 0.145833333333333
"1764" 1763 10 58 0.172413793103448
"1765" 1764 10 48 0.208333333333333
"1766" 1765 9 19 0.473684210526316
"1767" 1766 9 44 0.204545454545455
"1768" 1767 6 55 0.109090909090909
"1769" 1768 11 64 0.171875
"1770" 1769 7 51 0.137254901960784
"1771" 1770 7 62 0.112903225806452
"1772" 1771 4 51 0.0784313725490196
"1773" 1772 11 20 0.55
"1774" 1773 10 29 0.344827586206897
"1775" 1774 4 55 0.0727272727272727
"1776" 1775 5 45 0.111111111111111
"1777" 1776 7 57 0.12280701754386
"1778" 1777 10 52 0.192307692307692
"1779" 1778 10 42 0.238095238095238
"1780" 1779 12 27 0.444444444444444
"1781" 1780 10 27 0.37037037037037
"1782" 1781 8 56 0.142857142857143
"1783" 1782 14 62 0.225806451612903
"1784" 1783 9 60 0.15
"1785" 1784 14 59 0.23728813559322
"1786" 1785 10 47 0.212765957446809
"1787" 1786 6 13 0.461538461538462
"1788" 1787 12 39 0.307692307692308
"1789" 1788 15 67 0.223880597014925
"1790" 1789 5 52 0.0961538461538462
"1791" 1790 9 51 0.176470588235294
"1792" 1791 13 62 0.209677419354839
"1793" 1792 11 43 0.255813953488372
"1794" 1793 8 14 0.571428571428571
"1795" 1794 8 36 0.222222222222222
"1796" 1795 4 53 0.0754716981132075
"1797" 1796 7 58 0.120689655172414
"1798" 1797 3 49 0.0612244897959184
"1799" 1798 4 50 0.08
"1800" 1799 11 50 0.22
"1801" 1800 6 14 0.428571428571429
"1802" 1801 6 29 0.206896551724138
"1803" 1802 9 55 0.163636363636364
"1804" 1803 7 48 0.145833333333333
"1805" 1804 8 44 0.181818181818182
"1806" 1805 13 63 0.206349206349206
"1807" 1806 10 45 0.222222222222222
"1808" 1807 13 24 0.541666666666667
"1809" 1808 5 40 0.125
"1810" 1809 13 71 0.183098591549296
"1811" 1810 5 56 0.0892857142857143
"1812" 1811 9 62 0.145161290322581
"1813" 1812 15 57 0.263157894736842
"1814" 1813 4 52 0.0769230769230769
"1815" 1814 11 25 0.44
"1816" 1815 7 41 0.170731707317073
"1817" 1816 8 69 0.115942028985507
"1818" 1817 7 55 0.127272727272727
"1819" 1818 8 63 0.126984126984127
"1820" 1819 7 65 0.107692307692308
"1821" 1820 3 35 0.0857142857142857
"1822" 1821 13 21 0.619047619047619
"1823" 1822 7 45 0.155555555555556
"1824" 1823 8 59 0.135593220338983
"1825" 1824 4 44 0.0909090909090909
"1826" 1825 6 38 0.157894736842105
"1827" 1826 6 15 0.4
"1828" 1827 8 56 0.142857142857143
"1829" 1828 8 14 0.571428571428571
"1830" 1829 6 32 0.1875
"1831" 1830 6 44 0.136363636363636
"1832" 1831 7 42 0.166666666666667
"1833" 1832 11 18 0.611111111111111
"1834" 1833 9 16 0.5625
"1835" 1834 8 63 0.126984126984127
"1836" 1835 6 17 0.352941176470588
"1837" 1836 9 39 0.230769230769231
"1838" 1837 12 76 0.157894736842105
"1839" 1838 6 64 0.09375
"1840" 1839 11 68 0.161764705882353
"1841" 1840 3 55 0.0545454545454545
"1842" 1841 11 46 0.239130434782609
"1843" 1842 6 13 0.461538461538462
"1844" 1843 7 37 0.189189189189189
"1845" 1844 3 42 0.0714285714285714
"1846" 1845 15 51 0.294117647058824
"1847" 1846 7 46 0.152173913043478
"1848" 1847 9 48 0.1875
"1849" 1848 9 42 0.214285714285714
"1850" 1849 12 20 0.6
"1851" 1850 11 27 0.407407407407407
"1852" 1851 6 39 0.153846153846154
"1853" 1852 13 61 0.213114754098361
"1854" 1853 3 46 0.0652173913043478
"1855" 1854 5 44 0.113636363636364
"1856" 1855 9 41 0.219512195121951
"1857" 1856 12 22 0.545454545454545
"1858" 1857 15 34 0.441176470588235
"1859" 1858 5 56 0.0892857142857143
"1860" 1859 9 38 0.236842105263158
"1861" 1860 13 46 0.282608695652174
"1862" 1861 4 43 0.0930232558139535
"1863" 1862 7 39 0.179487179487179
"1864" 1863 5 15 0.333333333333333
"1865" 1864 12 31 0.387096774193548
"1866" 1865 6 50 0.12
"1867" 1866 4 50 0.08
"1868" 1867 7 31 0.225806451612903
"1869" 1868 12 50 0.24
"1870" 1869 5 33 0.151515151515152
"1871" 1870 5 11 0.454545454545455
"1872" 1871 8 36 0.222222222222222
"1873" 1872 5 50 0.1
"1874" 1873 10 53 0.188679245283019
"1875" 1874 3 34 0.0882352941176471
"1876" 1875 7 46 0.152173913043478
"1877" 1876 6 42 0.142857142857143
"1878" 1877 7 17 0.411764705882353
"1879" 1878 7 26 0.269230769230769
"1880" 1879 8 54 0.148148148148148
"1881" 1880 10 51 0.196078431372549
"1882" 1881 8 55 0.145454545454545
"1883" 1882 12 59 0.203389830508475
"1884" 1883 8 34 0.235294117647059
"1885" 1884 8 16 0.5
"1886" 1885 6 19 0.315789473684211
"1887" 1886 10 47 0.212765957446809
"1888" 1887 5 16 0.3125
"1889" 1888 3 47 0.0638297872340425
"1890" 1889 4 42 0.0952380952380952
"1891" 1890 4 38 0.105263157894737
"1892" 1891 6 14 0.428571428571429
"1893" 1892 9 34 0.264705882352941
"1894" 1893 8 50 0.16
"1895" 1894 11 48 0.229166666666667
"1896" 1895 9 39 0.230769230769231
"1897" 1896 7 63 0.111111111111111
"1898" 1897 9 38 0.236842105263158
"1899" 1898 6 12 0.5
"1900" 1899 3 26 0.115384615384615
"1901" 1900 3 35 0.0857142857142857
"1902" 1901 5 43 0.116279069767442
"1903" 1902 6 39 0.153846153846154
"1904" 1903 11 46 0.239130434782609
"1905" 1904 1 41 0.024390243902439
"1906" 1905 9 15 0.6
"1907" 1906 7 32 0.21875
"1908" 1907 9 49 0.183673469387755
"1909" 1908 6 32 0.1875
"1910" 1909 6 35 0.171428571428571
"1911" 1910 10 46 0.217391304347826
"1912" 1911 6 39 0.153846153846154
"1913" 1912 6 11 0.545454545454545
"1914" 1913 6 22 0.272727272727273
"1915" 1914 9 54 0.166666666666667
"1916" 1915 7 43 0.162790697674419
"1917" 1916 8 35 0.228571428571429
"1918" 1917 4 39 0.102564102564103
"1919" 1918 7 35 0.2
"1920" 1919 2 8 0.25
"1921" 1920 5 32 0.15625
"1922" 1921 3 45 0.0666666666666667
"1923" 1922 3 34 0.0882352941176471
"1924" 1923 7 33 0.212121212121212
"1925" 1924 4 38 0.105263157894737
"1926" 1925 4 36 0.111111111111111
"1927" 1926 6 10 0.6
"1928" 1927 9 31 0.290322580645161
"1929" 1928 4 54 0.0740740740740741
"1930" 1929 5 34 0.147058823529412
"1931" 1930 8 36 0.222222222222222
"1932" 1931 1 35 0.0285714285714286
"1933" 1932 2 30 0.0666666666666667
"1934" 1933 7 15 0.466666666666667
"1935" 1934 4 28 0.142857142857143
"1936" 1935 6 38 0.157894736842105
"1937" 1936 7 39 0.179487179487179
"1938" 1937 12 54 0.222222222222222
"1939" 1938 3 26 0.115384615384615
"1940" 1939 4 34 0.117647058823529
"1941" 1940 4 7 0.571428571428571
"1942" 1941 8 30 0.266666666666667
"1943" 1942 9 36 0.25
"1944" 1943 5 36 0.138888888888889
"1945" 1944 6 39 0.153846153846154
"1946" 1945 6 27 0.222222222222222
"1947" 1946 6 31 0.193548387096774
"1948" 1947 5 11 0.454545454545455
"1949" 1948 7 26 0.269230769230769
"1950" 1949 2 39 0.0512820512820513
"1951" 1950 7 41 0.170731707317073
"1952" 1951 5 25 0.2
"1953" 1952 5 44 0.113636363636364
"1954" 1953 3 20 0.15
"1955" 1954 6 11 0.545454545454545
"1956" 1955 4 30 0.133333333333333
"1957" 1956 6 32 0.1875
"1958" 1957 5 30 0.166666666666667
"1959" 1958 6 30 0.2
"1960" 1959 3 34 0.0882352941176471
"1961" 1960 4 27 0.148148148148148
"1962" 1961 4 8 0.5
"1963" 1962 5 21 0.238095238095238
"1964" 1963 6 32 0.1875
"1965" 1964 7 31 0.225806451612903
"1966" 1965 7 16 0.4375
"1967" 1966 3 36 0.0833333333333333
"1968" 1967 6 26 0.230769230769231
"1969" 1968 6 13 0.461538461538462
"1970" 1969 7 27 0.259259259259259
"1971" 1970 5 38 0.131578947368421
"1972" 1971 6 39 0.153846153846154
"1973" 1972 6 29 0.206896551724138
"1974" 1973 1 29 0.0344827586206897
"1975" 1974 6 28 0.214285714285714
"1976" 1975 5 14 0.357142857142857
"1977" 1976 4 16 0.25
"1978" 1977 4 38 0.105263157894737
"1979" 1978 6 38 0.157894736842105
"1980" 1979 9 38 0.236842105263158
"1981" 1980 4 33 0.121212121212121
"1982" 1981 6 28 0.214285714285714
"1983" 1982 8 11 0.727272727272727
"1984" 1983 4 20 0.2
"1985" 1984 9 38 0.236842105263158
"1986" 1985 3 26 0.115384615384615
"1987" 1986 2 36 0.0555555555555556
"1988" 1987 5 31 0.161290322580645
"1989" 1988 11 31 0.354838709677419
"1990" 1989 5 16 0.3125
"1991" 1990 8 31 0.258064516129032
"1992" 1991 3 37 0.0810810810810811
"1993" 1992 5 42 0.119047619047619
"1994" 1993 7 40 0.175
"1995" 1994 7 31 0.225806451612903
"1996" 1995 3 21 0.142857142857143
"1997" 1996 9 13 0.692307692307692
"1998" 1997 6 23 0.260869565217391
"1999" 1998 7 50 0.14
"2000" 1999 8 43 0.186046511627907
"2001" 2000 3 30 0.1
"2002" 2001 4 26 0.153846153846154
"2003" 2002 10 37 0.27027027027027
"2004" 2003 8 13 0.615384615384615
"2005" 2004 1 24 0.0416666666666667
"2006" 2005 6 52 0.115384615384615
"2007" 2006 4 39 0.102564102564103
"2008" 2007 2 26 0.0769230769230769
"2009" 2008 4 30 0.133333333333333
"2010" 2009 3 25 0.12
"2011" 2010 4 10 0.4
"2012" 2011 6 29 0.206896551724138
"2013" 2012 5 49 0.102040816326531
"2014" 2013 7 36 0.194444444444444
"2015" 2014 9 47 0.191489361702128
"2016" 2015 6 45 0.133333333333333
"2017" 2016 3 31 0.0967741935483871
"2018" 2017 6 11 0.545454545454545
"2019" 2018 9 32 0.28125
"2020" 2019 3 47 0.0638297872340425
"2021" 2020 8 41 0.195121951219512
"2022" 2021 2 41 0.0487804878048781
"2023" 2022 4 37 0.108108108108108
"2024" 2023 6 39 0.153846153846154
"2025" 2024 8 14 0.571428571428571
"2026" 2025 8 31 0.258064516129032
"2027" 2026 5 53 0.0943396226415094
"2028" 2027 5 36 0.138888888888889
"2029" 2028 4 44 0.0909090909090909
"2030" 2029 6 32 0.1875
"2031" 2030 7 39 0.179487179487179
"2032" 2031 7 13 0.538461538461538
"2033" 2032 6 38 0.157894736842105
"2034" 2033 6 53 0.113207547169811
"2035" 2034 7 36 0.194444444444444
"2036" 2035 6 44 0.136363636363636
"2037" 2036 3 30 0.1
"2038" 2037 9 33 0.272727272727273
"2039" 2038 7 19 0.368421052631579
"2040" 2039 5 29 0.172413793103448
"2041" 2040 0 51 0
"2042" 2041 3 29 0.103448275862069
"2043" 2042 7 39 0.179487179487179
"2044" 2043 11 43 0.255813953488372
"2045" 2044 5 55 0.0909090909090909
"2046" 2045 11 20 0.55
"2047" 2046 4 24 0.166666666666667
"2048" 2047 3 43 0.0697674418604651
"2049" 2048 8 36 0.222222222222222
"2050" 2049 4 40 0.1
"2051" 2050 3 33 0.0909090909090909
"2052" 2051 11 47 0.234042553191489
"2053" 2052 3 11 0.272727272727273
"2054" 2053 4 28 0.142857142857143
"2055" 2054 9 59 0.152542372881356
"2056" 2055 3 36 0.0833333333333333
"2057" 2056 2 40 0.05
"2058" 2057 5 46 0.108695652173913
"2059" 2058 5 33 0.151515151515152
"2060" 2059 5 14 0.357142857142857
"2061" 2060 4 21 0.19047619047619
"2062" 2061 3 26 0.115384615384615
"2063" 2062 8 53 0.150943396226415
"2064" 2063 4 37 0.108108108108108
"2065" 2064 4 35 0.114285714285714
"2066" 2065 6 43 0.13953488372093
"2067" 2066 9 16 0.5625
"2068" 2067 8 30 0.266666666666667
"2069" 2068 5 43 0.116279069767442
"2070" 2069 0 38 0
"2071" 2070 3 45 0.0666666666666667
"2072" 2071 4 9 0.444444444444444
"2073" 2072 3 35 0.0857142857142857
"2074" 2073 5 14 0.357142857142857
"2075" 2074 4 31 0.129032258064516
"2076" 2075 3 59 0.0508474576271186
"2077" 2076 11 41 0.268292682926829
"2078" 2077 7 24 0.291666666666667
"2079" 2078 4 57 0.0701754385964912
"2080" 2079 5 34 0.147058823529412
"2081" 2080 5 12 0.416666666666667
"2082" 2081 7 27 0.259259259259259
"2083" 2082 6 55 0.109090909090909
"2084" 2083 5 40 0.125
"2085" 2084 3 39 0.0769230769230769
"2086" 2085 7 50 0.14
"2087" 2086 6 30 0.2
"2088" 2087 4 17 0.235294117647059
"2089" 2088 6 31 0.193548387096774
"2090" 2089 7 52 0.134615384615385
"2091" 2090 4 51 0.0784313725490196
"2092" 2091 6 35 0.171428571428571
"2093" 2092 6 30 0.2
"2094" 2093 6 10 0.6
"2095" 2094 7 19 0.368421052631579
"2096" 2095 4 34 0.117647058823529
"2097" 2096 5 69 0.072463768115942
"2098" 2097 10 48 0.208333333333333
"2099" 2098 6 68 0.0882352941176471
"2100" 2099 9 54 0.166666666666667
"2101" 2100 7 35 0.2
"2102" 2101 3 11 0.272727272727273
"2103" 2102 7 40 0.175
"2104" 2103 4 54 0.0740740740740741
"2105" 2104 5 49 0.102040816326531
"2106" 2105 3 41 0.0731707317073171
"2107" 2106 5 46 0.108695652173913
"2108" 2107 8 50 0.16
"2109" 2108 3 9 0.333333333333333
"2110" 2109 1 25 0.04
"2111" 2110 6 48 0.125
"2112" 2111 4 40 0.1
"2113" 2112 9 45 0.2
"2114" 2113 6 50 0.12
"2115" 2114 1 32 0.03125
"2116" 2115 3 15 0.2
"2117" 2116 4 31 0.129032258064516
"2118" 2117 3 42 0.0714285714285714
"2119" 2118 5 51 0.0980392156862745
"2120" 2119 4 46 0.0869565217391304
"2121" 2120 8 52 0.153846153846154
"2122" 2121 7 48 0.145833333333333
"2123" 2122 3 13 0.230769230769231
"2124" 2123 2 27 0.0740740740740741
"2125" 2124 3 51 0.0588235294117647
"2126" 2125 3 48 0.0625
"2127" 2126 1 35 0.0285714285714286
"2128" 2127 2 47 0.0425531914893617
"2129" 2128 3 26 0.115384615384615
"2130" 2129 5 13 0.384615384615385
"2131" 2130 4 23 0.173913043478261
"2132" 2131 7 51 0.137254901960784
"2133" 2132 3 41 0.0731707317073171
"2134" 2133 4 47 0.0851063829787234
"2135" 2134 2 42 0.0476190476190476
"2136" 2135 3 37 0.0810810810810811
"2137" 2136 4 9 0.444444444444444
"2138" 2137 4 36 0.111111111111111
"2139" 2138 5 53 0.0943396226415094
"2140" 2139 2 56 0.0357142857142857
"2141" 2140 3 36 0.0833333333333333
"2142" 2141 6 55 0.109090909090909
"2143" 2142 3 31 0.0967741935483871
"2144" 2143 5 12 0.416666666666667
"2145" 2144 4 31 0.129032258064516
"2146" 2145 6 51 0.117647058823529
"2147" 2146 6 47 0.127659574468085
"2148" 2147 1 53 0.0188679245283019
"2149" 2148 3 43 0.0697674418604651
"2150" 2149 4 33 0.121212121212121
"2151" 2150 4 13 0.307692307692308
"2152" 2151 6 25 0.24
"2153" 2152 4 47 0.0851063829787234
"2154" 2153 2 39 0.0512820512820513
"2155" 2154 2 35 0.0571428571428571
"2156" 2155 5 45 0.111111111111111
"2157" 2156 4 36 0.111111111111111
"2158" 2157 3 7 0.428571428571429
"2159" 2158 0 24 0
"2160" 2159 3 57 0.0526315789473684
"2161" 2160 7 46 0.152173913043478
"2162" 2161 3 42 0.0714285714285714
"2163" 2162 3 43 0.0697674418604651
"2164" 2163 6 31 0.193548387096774
"2165" 2164 6 13 0.461538461538462
"2166" 2165 2 27 0.0740740740740741
"2167" 2166 5 53 0.0943396226415094
"2168" 2167 4 32 0.125
"2169" 2168 3 37 0.0810810810810811
"2170" 2169 5 43 0.116279069767442
"2171" 2170 3 33 0.0909090909090909
"2172" 2171 7 11 0.636363636363636
"2173" 2172 3 27 0.111111111111111
"2174" 2173 4 59 0.0677966101694915
"2175" 2174 1 41 0.024390243902439
"2176" 2175 3 48 0.0625
"2177" 2176 2 61 0.0327868852459016
"2178" 2177 7 42 0.166666666666667
"2179" 2178 8 15 0.533333333333333
"2180" 2179 7 41 0.170731707317073
"2181" 2180 2 58 0.0344827586206897
"2182" 2181 3 40 0.075
"2183" 2182 7 52 0.134615384615385
"2184" 2183 4 42 0.0952380952380952
"2185" 2184 6 41 0.146341463414634
"2186" 2185 5 19 0.263157894736842
"2187" 2186 2 22 0.0909090909090909
"2188" 2187 6 47 0.127659574468085
"2189" 2188 4 38 0.105263157894737
"2190" 2189 2 43 0.0465116279069767
"2191" 2190 3 25 0.12
"2192" 2191 2 9 0.222222222222222
"2193" 2192 0 10 0
"2194" 2193 2 37 0.0540540540540541
"2195" 2194 7 45 0.155555555555556
"2196" 2195 4 41 0.0975609756097561
"2197" 2196 2 24 0.0833333333333333
"2198" 2197 2 8 0.25
"2199" 2198 3 9 0.333333333333333
"2200" 2199 4 24 0.166666666666667
"2201" 2200 5 50 0.1
"2202" 2201 4 51 0.0784313725490196
"2203" 2202 4 38 0.105263157894737
"2204" 2203 5 51 0.0980392156862745
"2205" 2204 0 34 0
"2206" 2205 2 37 0.0540540540540541
"2207" 2206 3 6 0.5
"2208" 2207 4 27 0.148148148148148
"2209" 2208 3 46 0.0652173913043478
"2210" 2209 6 36 0.166666666666667
"2211" 2210 4 29 0.137931034482759
"2212" 2211 3 34 0.0882352941176471
"2213" 2212 4 42 0.0952380952380952
"2214" 2213 4 11 0.363636363636364
"2215" 2214 2 15 0.133333333333333
"2216" 2215 4 12 0.333333333333333
"2217" 2216 6 54 0.111111111111111
"2218" 2217 1 31 0.032258064516129
"2219" 2218 5 47 0.106382978723404
"2220" 2219 3 38 0.0789473684210526
"2221" 2220 1 11 0.0909090909090909
"2222" 2221 2 31 0.0645161290322581
"2223" 2222 4 46 0.0869565217391304
"2224" 2223 2 45 0.0444444444444444
"2225" 2224 2 26 0.0769230769230769
"2226" 2225 1 32 0.03125
"2227" 2226 3 35 0.0857142857142857
"2228" 2227 4 10 0.4
"2229" 2228 4 23 0.173913043478261
"2230" 2229 2 49 0.0408163265306122
"2231" 2230 2 36 0.0555555555555556
"2232" 2231 2 38 0.0526315789473684
"2233" 2232 2 41 0.0487804878048781
"2234" 2233 0 27 0
"2235" 2234 7 18 0.388888888888889
"2236" 2235 3 28 0.107142857142857
"2237" 2236 5 50 0.1
"2238" 2237 3 37 0.0810810810810811
"2239" 2238 5 51 0.0980392156862745
"2240" 2239 2 39 0.0512820512820513
"2241" 2240 5 36 0.138888888888889
"2242" 2241 2 11 0.181818181818182
"2243" 2242 2 19 0.105263157894737
"2244" 2243 0 37 0
"2245" 2244 2 38 0.0526315789473684
"2246" 2245 5 40 0.125
"2247" 2246 2 41 0.0487804878048781
"2248" 2247 3 38 0.0789473684210526
"2249" 2248 2 11 0.181818181818182
"2250" 2249 7 27 0.259259259259259
"2251" 2250 3 42 0.0714285714285714
"2252" 2251 8 47 0.170212765957447
"2253" 2252 6 21 0.285714285714286
"2254" 2253 4 46 0.0869565217391304
"2255" 2254 4 38 0.105263157894737
"2256" 2255 0 5 0
"2257" 2256 6 26 0.230769230769231
"2258" 2257 2 32 0.0625
"2259" 2258 2 36 0.0555555555555556
"2260" 2259 2 38 0.0526315789473684
"2261" 2260 4 39 0.102564102564103
"2262" 2261 4 28 0.142857142857143
"2263" 2262 4 14 0.285714285714286
"2264" 2263 5 30 0.166666666666667
"2265" 2264 3 35 0.0857142857142857
"2266" 2265 3 44 0.0681818181818182
"2267" 2266 2 36 0.0555555555555556
"2268" 2267 1 32 0.03125
"2269" 2268 2 23 0.0869565217391304
"2270" 2269 1 11 0.0909090909090909
"2271" 2270 1 20 0.05
"2272" 2271 4 54 0.0740740740740741
"2273" 2272 2 29 0.0689655172413793
"2274" 2273 8 43 0.186046511627907
"2275" 2274 3 35 0.0857142857142857
"2276" 2275 3 24 0.125
"2277" 2276 1 9 0.111111111111111
"2278" 2277 5 24 0.208333333333333
"2279" 2278 1 42 0.0238095238095238
"2280" 2279 1 45 0.0222222222222222
"2281" 2280 0 29 0
"2282" 2281 2 38 0.0526315789473684
"2283" 2282 0 27 0
"2284" 2283 0 2 0
"2285" 2284 5 23 0.217391304347826
"2286" 2285 2 39 0.0512820512820513
"2287" 2286 2 26 0.0769230769230769
"2288" 2287 3 35 0.0857142857142857
"2289" 2288 1 28 0.0357142857142857
"2290" 2289 3 28 0.107142857142857
"2291" 2290 4 10 0.4
"2292" 2291 3 29 0.103448275862069
"2293" 2292 4 37 0.108108108108108
"2294" 2293 4 41 0.0975609756097561
"2295" 2294 4 37 0.108108108108108
"2296" 2295 2 38 0.0526315789473684
"2297" 2296 3 27 0.111111111111111
"2298" 2297 4 17 0.235294117647059
"2299" 2298 3 27 0.111111111111111
"2300" 2299 1 52 0.0192307692307692
"2301" 2300 1 33 0.0303030303030303
"2302" 2301 1 27 0.037037037037037
"2303" 2302 1 32 0.03125
"2304" 2303 2 20 0.1
"2305" 2304 1 6 0.166666666666667
"2306" 2305 1 18 0.0555555555555556
"2307" 2306 3 29 0.103448275862069
"2308" 2307 0 24 0
"2309" 2308 0 20 0
"2310" 2309 2 24 0.0833333333333333
"2311" 2310 0 26 0
"2312" 2311 3 7 0.428571428571429
"2313" 2312 1 16 0.0625
"2314" 2313 1 30 0.0333333333333333
"2315" 2314 1 28 0.0357142857142857
"2316" 2315 5 40 0.125
"2317" 2316 2 30 0.0666666666666667
"2318" 2317 3 28 0.107142857142857
"2319" 2318 3 11 0.272727272727273
"2320" 2319 2 18 0.111111111111111
"2321" 2320 3 39 0.0769230769230769
"2322" 2321 3 24 0.125
"2323" 2322 0 33 0
"2324" 2323 1 31 0.032258064516129
"2325" 2324 3 30 0.1
"2326" 2325 1 2 0.5
"2327" 2326 0 10 0
"2328" 2327 3 41 0.0731707317073171
"2329" 2328 2 32 0.0625
"2330" 2329 3 30 0.1
"2331" 2330 2 13 0.153846153846154
"2332" 2331 3 20 0.15
"2333" 2332 1 8 0.125
"2334" 2333 1 23 0.0434782608695652
"2335" 2334 1 39 0.0256410256410256
"2336" 2335 0 23 0
"2337" 2336 1 23 0.0434782608695652
"2338" 2337 3 21 0.142857142857143
"2339" 2338 2 26 0.0769230769230769
"2340" 2339 2 13 0.153846153846154
"2341" 2340 2 17 0.117647058823529
"2342" 2341 0 28 0
"2343" 2342 4 27 0.148148148148148
"2344" 2343 3 33 0.0909090909090909
"2345" 2344 1 24 0.0416666666666667
"2346" 2345 1 29 0.0344827586206897
"2347" 2346 3 8 0.375
"2348" 2347 5 19 0.263157894736842
"2349" 2348 0 25 0
"2350" 2349 0 21 0
"2351" 2350 2 24 0.0833333333333333
"2352" 2351 0 21 0
"2353" 2352 3 22 0.136363636363636
"2354" 2353 0 3 0
"2355" 2354 1 15 0.0666666666666667
"2356" 2355 6 39 0.153846153846154
"2357" 2356 1 27 0.037037037037037
"2358" 2357 2 27 0.0740740740740741
"2359" 2358 3 37 0.0810810810810811
"2360" 2359 1 24 0.0416666666666667
"2361" 2360 1 10 0.1
"2362" 2361 2 19 0.105263157894737
"2363" 2362 1 50 0.02
"2364" 2363 2 34 0.0588235294117647
"2365" 2364 2 32 0.0625
"2366" 2365 4 36 0.111111111111111
"2367" 2366 2 29 0.0689655172413793
"2368" 2367 1 6 0.166666666666667
"2369" 2368 2 14 0.142857142857143
"2370" 2369 2 32 0.0625
"2371" 2370 1 28 0.0357142857142857
"2372" 2371 3 27 0.111111111111111
"2373" 2372 0 28 0
"2374" 2373 2 24 0.0833333333333333
"2375" 2374 3 6 0.5
"2376" 2375 2 18 0.111111111111111
"2377" 2376 1 33 0.0303030303030303
"2378" 2377 2 33 0.0606060606060606
"2379" 2378 2 30 0.0666666666666667
"2380" 2379 0 20 0
"2381" 2380 5 25 0.2
"2382" 2381 1 6 0.166666666666667
"2383" 2382 2 25 0.08
"2384" 2383 1 42 0.0238095238095238
"2385" 2384 1 22 0.0454545454545455
"2386" 2385 1 35 0.0285714285714286
"2387" 2386 0 41 0
"2388" 2387 2 25 0.08
"2389" 2388 3 6 0.5
"2390" 2389 1 31 0.032258064516129
"2391" 2390 0 36 0
"2392" 2391 2 48 0.0416666666666667
"2393" 2392 1 33 0.0303030303030303
"2394" 2393 3 40 0.075
"2395" 2394 0 29 0
"2396" 2395 3 13 0.230769230769231
"2397" 2396 2 30 0.0666666666666667
"2398" 2397 1 47 0.0212765957446809
"2399" 2398 3 51 0.0588235294117647
"2400" 2399 0 38 0
"2401" 2400 0 29 0
"2402" 2401 2 29 0.0689655172413793
"2403" 2402 2 8 0.25
"2404" 2403 2 11 0.181818181818182
"2405" 2404 1 26 0.0384615384615385
"2406" 2405 3 67 0.0447761194029851
"2407" 2406 0 44 0
"2408" 2407 1 37 0.027027027027027
"2409" 2408 1 31 0.032258064516129
"2410" 2409 2 8 0.25
"2411" 2410 2 25 0.08
"2412" 2411 2 41 0.0487804878048781
"2413" 2412 3 38 0.0789473684210526
"2414" 2413 1 42 0.0238095238095238
"2415" 2414 1 44 0.0227272727272727
"2416" 2415 1 30 0.0333333333333333
"2417" 2416 0 13 0
"2418" 2417 1 31 0.032258064516129
"2419" 2418 2 37 0.0540540540540541
"2420" 2419 2 28 0.0714285714285714
"2421" 2420 3 35 0.0857142857142857
"2422" 2421 0 29 0
"2423" 2422 1 29 0.0344827586206897
"2424" 2423 1 8 0.125
"2425" 2424 1 20 0.05
"2426" 2425 2 46 0.0434782608695652
"2427" 2426 2 43 0.0465116279069767
"2428" 2427 0 49 0
"2429" 2428 2 40 0.05
"2430" 2429 1 41 0.024390243902439
"2431" 2430 5 11 0.454545454545455
"2432" 2431 1 31 0.032258064516129
"2433" 2432 1 51 0.0196078431372549
"2434" 2433 1 43 0.0232558139534884
"2435" 2434 1 38 0.0263157894736842
"2436" 2435 0 24 0
"2437" 2436 0 9 0
"2438" 2437 2 15 0.133333333333333
"2439" 2438 1 31 0.032258064516129
"2440" 2439 0 37 0
"2441" 2440 0 35 0
"2442" 2441 1 33 0.0303030303030303
"2443" 2442 0 11 0
"2444" 2443 2 27 0.0740740740740741
"2445" 2444 1 10 0.1
"2446" 2445 1 27 0.037037037037037
"2447" 2446 1 38 0.0263157894736842
"2448" 2447 1 32 0.03125
"2449" 2448 3 34 0.0882352941176471
"2450" 2449 2 23 0.0869565217391304
"2451" 2450 0 5 0
"2452" 2451 0 6 0
"2453" 2452 2 30 0.0666666666666667
"2454" 2453 1 54 0.0185185185185185
"2455" 2454 0 41 0
"2456" 2455 3 39 0.0769230769230769
"2457" 2456 1 46 0.0217391304347826
"2458" 2457 1 28 0.0357142857142857
"2459" 2458 0 12 0
"2460" 2459 1 32 0.03125
"2461" 2460 1 58 0.0172413793103448
"2462" 2461 1 34 0.0294117647058824
"2463" 2462 0 43 0
"2464" 2463 0 37 0
"2465" 2464 2 36 0.0555555555555556
"2466" 2465 1 8 0.125
"2467" 2466 0 31 0
"2468" 2467 0 56 0
"2469" 2468 0 30 0
"2470" 2469 1 45 0.0222222222222222
"2471" 2470 1 48 0.0208333333333333
"2472" 2471 1 37 0.027027027027027
"2473" 2472 1 10 0.1
"2474" 2473 1 21 0.0476190476190476
"2475" 2474 1 31 0.032258064516129
"2476" 2475 3 45 0.0666666666666667
"2477" 2476 0 36 0
"2478" 2477 0 41 0
"2479" 2478 2 34 0.0588235294117647
"2480" 2479 2 8 0.25
"2481" 2480 0 28 0
"2482" 2481 1 49 0.0204081632653061
"2483" 2482 1 43 0.0232558139534884
"2484" 2483 1 39 0.0256410256410256
"2485" 2484 0 43 0
"2486" 2485 2 32 0.0625
"2487" 2486 0 12 0
"2488" 2487 1 32 0.03125
"2489" 2488 1 48 0.0208333333333333
"2490" 2489 0 42 0
"2491" 2490 0 30 0
"2492" 2491 0 34 0
"2493" 2492 0 26 0
"2494" 2493 2 6 0.333333333333333
"2495" 2494 1 15 0.0666666666666667
"2496" 2495 1 45 0.0222222222222222
"2497" 2496 0 36 0
"2498" 2497 1 46 0.0217391304347826
"2499" 2498 1 47 0.0212765957446809
"2500" 2499 0 24 0
"2501" 2500 0 9 0
"2502" 2501 0 21 0
"2503" 2502 1 62 0.0161290322580645
"2504" 2503 0 37 0
"2505" 2504 0 35 0
"2506" 2505 0 48 0
"2507" 2506 2 29 0.0689655172413793
"2508" 2507 0 8 0
"2509" 2508 0 32 0
"2510" 2509 1 42 0.0238095238095238
"2511" 2510 0 33 0
"2512" 2511 0 33 0
"2513" 2512 0 40 0
"2514" 2513 0 37 0
"2515" 2514 1 8 0.125
"2516" 2515 0 28 0
"2517" 2516 0 48 0
"2518" 2517 0 40 0
"2519" 2518 0 42 0
"2520" 2519 1 40 0.025
"2521" 2520 1 41 0.024390243902439
"2522" 2521 1 7 0.142857142857143
"2523" 2522 0 24 0
"2524" 2523 0 40 0
"2525" 2524 0 45 0
"2526" 2525 0 38 0
"2527" 2526 1 54 0.0185185185185185
"2528" 2527 0 26 0
"2529" 2528 0 12 0
"2530" 2529 0 20 0
"2531" 2530 0 43 0
"2532" 2531 1 39 0.0256410256410256
"2533" 2532 0 29 0
"2534" 2533 0 43 0
"2535" 2534 0 30 0
"2536" 2535 0 8 0
"2537" 2536 0 25 0
"2538" 2537 1 50 0.02
"2539" 2538 0 34 0
"2540" 2539 0 47 0
"2541" 2540 0 43 0
"2542" 2541 0 38 0
"2543" 2542 0 8 0
"2544" 2543 0 27 0
"2545" 2544 0 39 0
"2546" 2545 0 30 0
"2547" 2546 1 41 0.024390243902439
"2548" 2547 0 37 0
"2549" 2548 0 40 0
"2550" 2549 0 2 0
"2551" 2550 0 18 0
"2552" 2551 0 18 0
"2553" 2552 0 34 0
"2554" 2553 0 35 0
"2555" 2554 0 38 0
"2556" 2555 0 20 0
"2557" 2556 0 3 0
